<?xml version="1.0" encoding="utf-8"?>
<COLLADA xmlns="http://www.collada.org/2005/11/COLLADASchema" version="1.4.1">
  <asset><contributor><author>Mixamo</author><authoring_tool>COLLADA Mixamo exporter</authoring_tool><comments></comments></contributor><created>2019-05-04T21:09:59Z</created><modified>2019-05-04T21:09:59Z</modified><revision></revision><title></title><unit meter="0.010000"/><up_axis>Y_UP</up_axis></asset>
  <library_animations>
    <animation id="Hips-anim" name="Hips"><source id="Hips-Matrix-animation-input"><float_array id="Hips-Matrix-animation-input-array" count="111">

0.000000 0.033333 0.066667 0.100000 0.133333 0.166667 0.200000 0.233333 0.266667 0.300000 0.333333 0.366667 0.400000 0.433333 0.466667 0.500000
0.533333 0.566667 0.600000 0.633333 0.666667 0.700000 0.733333 0.766667 0.800000 0.833333 0.866667 0.900000 0.933333 0.966667 1.000000 1.033333
1.066667 1.100000 1.133333 1.166667 1.200000 1.233333 1.266667 1.300000 1.333333 1.366667 1.400000 1.433333 1.466667 1.500000 1.533333 1.566667
1.600000 1.633333 1.666667 1.700000 1.733333 1.766667 1.800000 1.833333 1.866667 1.900000 1.933333 1.966667 2.000000 2.033333 2.066667 2.100000
2.133333 2.166667 2.200000 2.233333 2.266667 2.300000 2.333333 2.366667 2.400000 2.433333 2.466667 2.500000 2.533333 2.566667 2.600000 2.633333
2.666667 2.700000 2.733333 2.766667 2.800000 2.833333 2.866667 2.900000 2.933333 2.966667 3.000000 3.033333 3.066667 3.100000 3.133333 3.166667
3.200000 3.233333 3.266667 3.300000 3.333333 3.366667 3.400000 3.433333 3.466667 3.500000 3.533333 3.566667 3.600000 3.633333 3.666667</float_array><technique_common><accessor source="#Hips-Matrix-animation-input-array" count="111"><param name="TIME" type="float"/></accessor></technique_common></source><source id="Hips-Matrix-animation-output-transform"><float_array id="Hips-Matrix-animation-output-transform-array" count="1776">

0.522176 -0.063011 -0.850507 -0.759438 0.075170 0.996786 -0.027697 71.365219 0.849518 -0.049469 0.525235 0.381495 0.000000 0.000000 0.000000 1.000000
0.515031 -0.032414 -0.856559 -1.097086 0.066200 0.997804 0.002045 71.250206 0.854612 -0.057757 0.516046 0.668371 0.000000 0.000000 0.000000 1.000000
0.529448 -0.005933 -0.848322 -2.780903 0.061957 0.997576 0.031691 71.460251 0.846077 -0.069338 0.528532 1.785267 0.000000 0.000000 0.000000 1.000000
0.580352 0.017544 -0.814177 -5.506199 0.061542 0.995964 0.065329 73.831589 0.812037 -0.088021 0.576930 3.399193 0.000000 0.000000 0.000000 1.000000
0.641513 0.038003 -0.766170 -6.438867 0.060224 0.993194 0.099689 75.447563 0.764745 -0.110094 0.634858 5.194885 0.000000 0.000000 0.000000 1.000000
0.699881 0.052848 -0.712302 -5.854928 0.058938 0.989585 0.131331 75.206711 0.711824 -0.133898 0.689477 6.995162 0.000000 0.000000 0.000000 1.000000
0.749645 0.063199 -0.658816 -5.458583 0.056124 0.985775 0.158425 75.221825 0.659457 -0.155738 0.735434 8.779836 0.000000 0.000000 0.000000 1.000000
0.788952 0.069353 -0.610529 -5.226570 0.053168 0.982178 0.180276 75.833809 0.612150 -0.174690 0.771204 10.501505 0.000000 0.000000 0.000000 1.000000
0.818307 0.072835 -0.570149 -5.024008 0.050075 0.979133 0.196952 76.539925 0.572597 -0.189717 0.797584 12.150600 0.000000 0.000000 0.000000 1.000000
0.837367 0.072913 -0.541757 -4.919303 0.048050 0.977410 0.205815 77.201561 0.544526 -0.198374 0.814947 13.727242 0.000000 0.000000 0.000000 1.000000
0.851567 0.072022 -0.519275 -4.870574 0.045186 0.976748 0.209574 77.679451 0.522295 -0.201930 0.828512 15.243216 0.000000 0.000000 0.000000 1.000000
0.861454 0.070638 -0.502899 -4.759829 0.042321 0.976848 0.209705 77.836456 0.506070 -0.201934 0.838520 16.698177 0.000000 0.000000 0.000000 1.000000
0.866327 0.067542 -0.494889 -4.593832 0.041512 0.977650 0.206099 77.768639 0.497748 -0.199093 0.844161 18.097649 0.000000 0.000000 0.000000 1.000000
0.867171 0.063454 -0.493952 -4.471870 0.042366 0.978855 0.200122 77.470512 0.496206 -0.194467 0.846146 19.455330 0.000000 0.000000 0.000000 1.000000
0.865898 0.059515 -0.496668 -4.376222 0.043389 0.980219 0.193103 76.977882 0.498335 -0.188758 0.846187 20.792101 0.000000 0.000000 0.000000 1.000000
0.865130 0.058505 -0.498124 -4.315929 0.041017 0.981593 0.186526 76.349724 0.499868 -0.181801 0.846806 22.144009 0.000000 0.000000 0.000000 1.000000
0.867380 0.062162 -0.493748 -4.348372 0.033037 0.982786 0.181768 75.687347 0.496548 -0.173974 0.850396 23.512405 0.000000 0.000000 0.000000 1.000000
0.873841 0.068348 -0.481384 -4.285666 0.021522 0.983662 0.178733 75.047066 0.485735 -0.166544 0.858093 24.876074 0.000000 0.000000 0.000000 1.000000
0.884014 0.071451 -0.461968 -4.076317 0.012598 0.984249 0.176338 74.437889 0.467291 -0.161705 0.869189 26.210470 0.000000 0.000000 0.000000 1.000000
0.896625 0.069981 -0.437225 -3.908769 0.007783 0.984789 0.173583 73.842125 0.442721 -0.159042 0.882442 27.515881 0.000000 0.000000 0.000000 1.000000
0.910010 0.067015 -0.409134 -3.808776 0.004508 0.985192 0.171397 73.215439 0.414562 -0.157818 0.896232 28.780273 0.000000 0.000000 0.000000 1.000000
0.922543 0.064826 -0.380410 -3.689529 0.001104 0.985341 0.170590 72.546761 0.385893 -0.157797 0.908948 29.996374 0.000000 0.000000 0.000000 1.000000
0.933097 0.063240 -0.354021 -3.587286 -0.001991 0.985310 0.170761 71.844177 0.359619 -0.158632 0.919516 31.155251 0.000000 0.000000 0.000000 1.000000
0.941424 0.061466 -0.331576 -3.543638 -0.004002 0.985216 0.171272 71.039810 0.337201 -0.159912 0.927752 32.255322 0.000000 0.000000 0.000000 1.000000
0.947826 0.060341 -0.313026 -3.572060 -0.006197 0.985225 0.171154 70.144653 0.318728 -0.160285 0.934196 33.342258 0.000000 0.000000 0.000000 1.000000
0.952881 0.060471 -0.297255 -3.663465 -0.009657 0.985479 0.169521 69.088600 0.303190 -0.158663 0.939629 34.444145 0.000000 0.000000 0.000000 1.000000
0.957066 0.062300 -0.283098 -3.805207 -0.015171 0.986058 0.165707 67.821716 0.289474 -0.154297 0.944668 35.661495 0.000000 0.000000 0.000000 1.000000
0.960652 0.065931 -0.269814 -4.035998 -0.023066 0.987000 0.159057 66.272194 0.276794 -0.146575 0.949685 36.930878 0.000000 0.000000 0.000000 1.000000
0.963599 0.070419 -0.257911 -4.360568 -0.032280 0.988275 0.149231 64.309471 0.265395 -0.135473 0.954574 38.127747 0.000000 0.000000 0.000000 1.000000
0.965532 0.075007 -0.249244 -4.821974 -0.041319 0.989605 0.137746 61.673176 0.256985 -0.122700 0.958595 39.300896 0.000000 0.000000 0.000000 1.000000
0.965773 0.079195 -0.247003 -5.364702 -0.048718 0.990686 0.127150 58.381214 0.254772 -0.110764 0.960636 40.483688 0.000000 0.000000 0.000000 1.000000
0.963775 0.081992 -0.253799 -5.979678 -0.052819 0.991403 0.119705 54.564735 0.261432 -0.101964 0.959821 41.591587 0.000000 0.000000 0.000000 1.000000
0.959154 0.083858 -0.270170 -6.458670 -0.053946 0.991747 0.116310 50.061184 0.277694 -0.096985 0.955761 42.593784 0.000000 0.000000 0.000000 1.000000
0.951791 0.086226 -0.294378 -6.930231 -0.053688 0.991693 0.116889 44.969574 0.302011 -0.095449 0.948514 43.766518 0.000000 0.000000 0.000000 1.000000
0.942963 0.092004 -0.319931 -7.341072 -0.055806 0.991138 0.120545 40.118797 0.328186 -0.095816 0.939741 45.114174 0.000000 0.000000 0.000000 1.000000
0.935630 0.103310 -0.337526 -7.672466 -0.063990 0.990010 0.125641 37.308292 0.347134 -0.095955 0.932894 45.964382 0.000000 0.000000 0.000000 1.000000
0.936051 0.114567 -0.332690 -7.567168 -0.076277 0.989094 0.125996 36.128395 0.343497 -0.092562 0.934581 47.272774 0.000000 0.000000 0.000000 1.000000
0.946064 0.122141 -0.300073 -7.355787 -0.089890 0.988808 0.119076 36.311211 0.311259 -0.085680 0.946455 49.287727 0.000000 0.000000 0.000000 1.000000
0.960736 0.126508 -0.246946 -7.319656 -0.103945 0.989296 0.102412 37.073559 0.257259 -0.072722 0.963602 51.543835 0.000000 0.000000 0.000000 1.000000
0.973114 0.131288 -0.189241 -7.446364 -0.118756 0.989998 0.076158 37.917828 0.197347 -0.051637 0.978973 53.575294 0.000000 0.000000 0.000000 1.000000
0.979878 0.140061 -0.142206 -7.230021 -0.135274 0.989882 0.042834 38.527412 0.146766 -0.022735 0.988910 55.300514 0.000000 0.000000 0.000000 1.000000
0.982152 0.149094 -0.114670 -6.786672 -0.149334 0.988765 0.006545 38.526699 0.114358 0.010696 0.993382 56.468124 0.000000 0.000000 0.000000 1.000000
0.982741 0.151505 -0.106147 -6.360003 -0.154935 0.987613 -0.024805 38.295258 0.101074 0.040823 0.994041 57.366844 0.000000 0.000000 0.000000 1.000000
0.983280 0.143763 -0.111767 -5.739682 -0.150003 0.987443 -0.049550 37.961273 0.103240 0.065487 0.992498 58.649605 0.000000 0.000000 0.000000 1.000000
0.983599 0.128098 -0.126981 -5.242362 -0.137780 0.987942 -0.070615 37.693764 0.116405 0.086952 0.989388 59.343475 0.000000 0.000000 0.000000 1.000000
0.982922 0.109696 -0.147752 -4.764531 -0.124324 0.987809 -0.093685 37.375092 0.135674 0.110454 0.984577 59.840797 0.000000 0.000000 0.000000 1.000000
0.980327 0.095478 -0.172751 -4.413552 -0.117228 0.985778 -0.120416 37.302109 0.158797 0.138298 0.977577 60.546177 0.000000 0.000000 0.000000 1.000000
0.976030 0.086872 -0.199547 -4.069543 -0.117706 0.981920 -0.148254 37.048317 0.183060 0.168188 0.968608 61.732861 0.000000 0.000000 0.000000 1.000000
0.970219 0.083840 -0.227259 -3.932229 -0.125369 0.976562 -0.174955 37.184727 0.207264 0.198236 0.957990 62.306267 0.000000 0.000000 0.000000 1.000000
0.962795 0.083399 -0.257041 -3.623655 -0.136945 0.970580 -0.198042 37.239265 0.232963 0.225874 0.945891 63.505142 0.000000 0.000000 0.000000 1.000000
0.953622 0.083480 -0.289199 -3.266580 -0.150701 0.964100 -0.218634 37.275711 0.260565 0.252077 0.931967 64.829521 0.000000 0.000000 0.000000 1.000000
0.942435 0.084078 -0.323648 -2.903351 -0.166125 0.957707 -0.234946 37.296841 0.290206 0.275187 0.916544 66.214111 0.000000 0.000000 0.000000 1.000000
0.930425 0.084630 -0.356577 -2.634409 -0.182739 0.950521 -0.251229 37.264801 0.317673 0.298910 0.899854 67.617653 0.000000 0.000000 0.000000 1.000000
0.919285 0.085576 -0.384177 -2.521783 -0.200270 0.941976 -0.269395 37.132450 0.338832 0.324590 0.883082 69.170235 0.000000 0.000000 0.000000 1.000000
0.911090 0.086586 -0.403012 -2.489516 -0.217555 0.931437 -0.291711 36.848351 0.350122 0.353452 0.867460 70.855766 0.000000 0.000000 0.000000 1.000000
0.906510 0.086682 -0.413189 -2.449244 -0.232987 0.918883 -0.318389 36.436783 0.352074 0.384891 0.853173 72.503777 0.000000 0.000000 0.000000 1.000000
0.905053 0.086497 -0.416409 -2.438925 -0.247175 0.903744 -0.349501 35.941456 0.346096 0.419243 0.839317 74.128792 0.000000 0.000000 0.000000 1.000000
0.905895 0.085693 -0.414742 -2.410796 -0.259668 0.886020 -0.384111 35.284504 0.334554 0.455659 0.824893 75.814011 0.000000 0.000000 0.000000 1.000000
0.908745 0.084547 -0.408698 -2.343758 -0.270440 0.865146 -0.422356 34.476559 0.317875 0.494342 0.809062 77.638535 0.000000 0.000000 0.000000 1.000000
0.914408 0.083477 -0.396092 -2.219604 -0.278305 0.840201 -0.465413 33.471523 0.293946 0.535812 0.791518 79.564346 0.000000 0.000000 0.000000 1.000000
0.923198 0.081604 -0.375561 -2.095474 -0.280805 0.810412 -0.514179 32.205399 0.262400 0.580149 0.771086 81.602615 0.000000 0.000000 0.000000 1.000000
0.934622 0.078284 -0.346921 -1.999708 -0.276078 0.774633 -0.568968 30.663704 0.224195 0.627547 0.745601 83.683586 0.000000 0.000000 0.000000 1.000000
0.947254 0.073862 -0.311855 -1.927203 -0.263956 0.731680 -0.628467 28.775412 0.181759 0.677634 0.712584 85.872467 0.000000 0.000000 0.000000 1.000000
0.959429 0.069066 -0.273361 -1.853145 -0.245635 0.680723 -0.690130 26.467274 0.138419 0.729278 0.670070 88.222382 0.000000 0.000000 0.000000 1.000000
0.969920 0.064340 -0.234765 -1.808095 -0.223163 0.620235 -0.752002 23.792442 0.097226 0.781773 0.615937 90.534775 0.000000 0.000000 0.000000 1.000000
0.978453 0.060182 -0.197505 -1.732462 -0.197868 0.546564 -0.813705 20.590740 0.058979 0.835252 0.546696 92.976463 0.000000 0.000000 0.000000 1.000000
0.985383 0.057316 -0.160422 -1.696162 -0.168862 0.452958 -0.875394 17.077347 0.022491 0.889688 0.456015 95.289085 0.000000 0.000000 0.000000 1.000000
0.991139 0.055262 -0.120785 -1.694766 -0.132336 0.332735 -0.933689 13.490530 -0.011409 0.941400 0.337100 97.139938 0.000000 0.000000 0.000000 1.000000
0.995923 0.051135 -0.074309 -1.797745 -0.082757 0.190244 -0.978243 12.050884 -0.035886 0.980404 0.193700 98.839760 0.000000 0.000000 0.000000 1.000000
0.998751 0.045789 -0.019972 -2.181265 -0.021898 0.041963 -0.998879 12.284045 -0.044900 0.998069 0.042913 100.943657 0.000000 0.000000 0.000000 1.000000
0.998418 0.039158 0.040354 -2.564907 0.043661 -0.087640 -0.995195 13.467369 -0.035433 0.995382 -0.089211 103.153854 0.000000 0.000000 0.000000 1.000000
0.994554 0.035100 0.098139 -3.050261 0.102940 -0.183298 -0.977653 15.010979 -0.016327 0.982430 -0.185913 104.807961 0.000000 0.000000 0.000000 1.000000
0.988808 0.036498 0.144658 -3.571722 0.149187 -0.249450 -0.956827 16.135288 0.001163 0.967700 -0.252104 106.326141 0.000000 0.000000 0.000000 1.000000
0.983746 0.043605 0.174192 -4.159580 0.179236 -0.297289 -0.937813 16.880596 0.010892 0.953791 -0.300273 107.814819 0.000000 0.000000 0.000000 1.000000
0.980524 0.055850 0.188291 -4.629747 0.196024 -0.337506 -0.920687 17.441433 0.012129 0.939665 -0.341880 109.245438 0.000000 0.000000 0.000000 1.000000
0.978720 0.071695 0.192269 -5.033523 0.205095 -0.371960 -0.905308 17.863815 0.006610 0.925476 -0.378749 110.377113 0.000000 0.000000 0.000000 1.000000
0.977097 0.089851 0.192893 -5.452399 0.212767 -0.398191 -0.892286 18.207731 -0.003364 0.912891 -0.408189 111.245163 0.000000 0.000000 0.000000 1.000000
0.974911 0.109325 0.193899 -5.892966 0.221970 -0.412187 -0.883647 18.441887 -0.016682 0.904517 -0.426112 111.855919 0.000000 0.000000 0.000000 1.000000
0.972143 0.127847 0.196451 -6.338336 0.232292 -0.413648 -0.880304 18.580482 -0.031283 0.901416 -0.431823 112.008316 0.000000 0.000000 0.000000 1.000000
0.968754 0.145524 0.200844 -6.757905 0.243480 -0.403691 -0.881902 18.460453 -0.047259 0.903247 -0.426510 111.833496 0.000000 0.000000 0.000000 1.000000
0.965310 0.159984 0.206355 -7.085349 0.253501 -0.384842 -0.887488 17.796350 -0.062570 0.909012 -0.412047 111.626801 0.000000 0.000000 0.000000 1.000000
0.962072 0.171194 0.212394 -7.373387 0.261581 -0.357972 -0.896343 16.885498 -0.077417 0.917904 -0.389176 111.339233 0.000000 0.000000 0.000000 1.000000
0.959266 0.179785 0.217913 -7.588459 0.266898 -0.323920 -0.907657 15.826138 -0.092597 0.928845 -0.358710 110.877068 0.000000 0.000000 0.000000 1.000000
0.957093 0.187200 0.221200 -7.752626 0.268357 -0.284516 -0.920345 14.676245 -0.109354 0.940216 -0.322545 110.277924 0.000000 0.000000 0.000000 1.000000
0.956171 0.191701 0.221333 -7.990253 0.264508 -0.241279 -0.933713 13.618279 -0.125590 0.951333 -0.281411 109.467659 0.000000 0.000000 0.000000 1.000000
0.956525 0.196013 0.215959 -8.095995 0.254353 -0.198340 -0.946555 12.528344 -0.142704 0.960333 -0.239573 108.563232 0.000000 0.000000 0.000000 1.000000
0.959319 0.192763 0.206277 -8.185106 0.238585 -0.162872 -0.957366 11.947361 -0.150948 0.967634 -0.202237 107.911919 0.000000 0.000000 0.000000 1.000000
0.962700 0.191077 0.191568 -8.108386 0.219244 -0.135986 -0.966147 12.128407 -0.158558 0.972110 -0.172806 107.485886 0.000000 0.000000 0.000000 1.000000
0.966958 0.183215 0.177270 -7.968167 0.201152 -0.121126 -0.972042 12.698617 -0.156621 0.975582 -0.153978 107.020264 0.000000 0.000000 0.000000 1.000000
0.970759 0.174987 0.164336 -7.768763 0.185904 -0.114891 -0.975828 12.927057 -0.151877 0.977844 -0.144062 106.561501 0.000000 0.000000 0.000000 1.000000
0.974100 0.167511 0.151885 -7.516387 0.172023 -0.113041 -0.978586 12.872672 -0.146754 0.979368 -0.138929 106.280373 0.000000 0.000000 0.000000 1.000000
0.977188 0.162554 0.136674 -7.124222 0.155953 -0.112397 -0.981349 12.695359 -0.144160 0.980277 -0.135184 106.106895 0.000000 0.000000 0.000000 1.000000
0.980537 0.158330 0.116095 -6.684363 0.134656 -0.112012 -0.984541 12.469954 -0.142879 0.981012 -0.131152 105.936859 0.000000 0.000000 0.000000 1.000000
0.984035 0.153221 0.090546 -6.148278 0.108668 -0.114351 -0.987479 12.257133 -0.140949 0.981553 -0.129175 105.961563 0.000000 0.000000 0.000000 1.000000
0.987162 0.146405 0.063848 -5.671521 0.081960 -0.121222 -0.989236 12.012468 -0.137089 0.981769 -0.131665 106.101486 0.000000 0.000000 0.000000 1.000000
0.989489 0.138782 0.040632 -5.372050 0.059208 -0.132464 -0.989418 11.812740 -0.131931 0.981424 -0.139289 106.237534 0.000000 0.000000 0.000000 1.000000
0.990869 0.132765 0.023514 -5.353778 0.042995 -0.145832 -0.988375 11.742846 -0.127792 0.980360 -0.150209 106.211861 0.000000 0.000000 0.000000 1.000000
0.991565 0.128897 0.013606 -5.248473 0.034087 -0.158053 -0.986842 11.900188 -0.125051 0.978982 -0.161113 106.488266 0.000000 0.000000 0.000000 1.000000
0.991867 0.126844 0.010546 -5.199800 0.031769 -0.166482 -0.985533 11.827352 -0.123253 0.977852 -0.169157 106.671661 0.000000 0.000000 0.000000 1.000000
0.991755 0.127473 0.013156 -5.248730 0.034811 -0.169181 -0.984970 11.574654 -0.123331 0.977307 -0.172223 106.761757 0.000000 0.000000 0.000000 1.000000
0.991348 0.129953 0.018498 -5.380116 0.040403 -0.168013 -0.984956 11.263600 -0.124890 0.977182 -0.171810 106.761116 0.000000 0.000000 0.000000 1.000000
0.990916 0.132384 0.023646 -5.536777 0.045770 -0.166665 -0.984951 11.094110 -0.126451 0.977086 -0.171211 106.728371 0.000000 0.000000 0.000000 1.000000
0.990423 0.135060 0.028669 -5.702995 0.051036 -0.165184 -0.984941 11.097153 -0.128290 0.976971 -0.170495 106.750351 0.000000 0.000000 0.000000 1.000000
0.989919 0.137573 0.033685 -5.858785 0.056252 -0.163608 -0.984920 11.192106 -0.129988 0.976886 -0.169698 106.858963 0.000000 0.000000 0.000000 1.000000
0.989364 0.140245 0.038607 -6.003540 0.061388 -0.161939 -0.984889 11.171745 -0.131874 0.976784 -0.168826 106.859535 0.000000 0.000000 0.000000 1.000000
0.988791 0.142819 0.043541 -6.110260 0.066508 -0.160208 -0.984840 11.085004 -0.133678 0.976696 -0.167911 106.869759 0.000000 0.000000 0.000000 1.000000
0.988194 0.145331 0.048487 -6.186781 0.071620 -0.158436 -0.984768 10.967521 -0.135436 0.976615 -0.166974 106.871857 0.000000 0.000000 0.000000 1.000000
0.987574 0.147786 0.053456 -6.230892 0.076739 -0.156640 -0.984670 10.900568 -0.137147 0.976536 -0.166035 106.884666 0.000000 0.000000 0.000000 1.000000
0.986945 0.150057 0.058497 -6.228867 0.081898 -0.154853 -0.984537 10.879618 -0.138678 0.976475 -0.165121 106.913185 0.000000 0.000000 0.000000 1.000000
0.986267 0.152453 0.063519 -6.180062 0.087058 -0.153069 -0.984373 10.925817 -0.140348 0.976385 -0.164239 106.929108 0.000000 0.000000 0.000000 1.000000
0.985550 0.154884 0.068571 -6.088769 0.092255 -0.151315 -0.984171 10.955691 -0.142057 0.976276 -0.163417 106.933289 0.000000 0.000000 0.000000 1.000000</float_array><technique_common><accessor source="#Hips-Matrix-animation-output-transform-array" count="111" stride="16"><param type="float4x4"/></accessor></technique_common></source><source id="Hips-Interpolations"><Name_array id="Hips-Interpolations-array" count="111">
 LINEAR LINEAR LINEAR LINEAR LINEAR LINEAR LINEAR LINEAR LINEAR LINEAR LINEAR
LINEAR LINEAR LINEAR LINEAR LINEAR LINEAR LINEAR LINEAR LINEAR LINEAR LINEAR LINEAR
LINEAR LINEAR LINEAR LINEAR LINEAR LINEAR LINEAR LINEAR LINEAR LINEAR LINEAR LINEAR
LINEAR LINEAR LINEAR LINEAR LINEAR LINEAR LINEAR LINEAR LINEAR LINEAR LINEAR LINEAR
LINEAR LINEAR LINEAR LINEAR LINEAR LINEAR LINEAR LINEAR LINEAR LINEAR LINEAR LINEAR
LINEAR LINEAR LINEAR LINEAR LINEAR LINEAR LINEAR LINEAR LINEAR LINEAR LINEAR LINEAR
LINEAR LINEAR LINEAR LINEAR LINEAR LINEAR LINEAR LINEAR LINEAR LINEAR LINEAR LINEAR
LINEAR LINEAR LINEAR LINEAR LINEAR LINEAR LINEAR LINEAR LINEAR LINEAR LINEAR LINEAR
LINEAR LINEAR LINEAR LINEAR LINEAR LINEAR LINEAR LINEAR LINEAR LINEAR LINEAR LINEAR
LINEAR LINEAR LINEAR LINEAR</Name_array><technique_common><accessor source="#Hips-Interpolations-array" count="111"><param type="name"/></accessor></technique_common></source><sampler id="Hips-Matrix-animation-transform"><input semantic="INPUT" source="#Hips-Matrix-animation-input"/><input semantic="OUTPUT" source="#Hips-Matrix-animation-output-transform"/><input semantic="INTERPOLATION" source="#Hips-Interpolations"/></sampler><channel source="#Hips-Matrix-animation-transform" target="Hips/matrix"/></animation>
    <animation id="Spine-anim" name="Spine"><source id="Spine-Matrix-animation-input"><float_array id="Spine-Matrix-animation-input-array" count="111">

0.000000 0.033333 0.066667 0.100000 0.133333 0.166667 0.200000 0.233333 0.266667 0.300000 0.333333 0.366667 0.400000 0.433333 0.466667 0.500000
0.533333 0.566667 0.600000 0.633333 0.666667 0.700000 0.733333 0.766667 0.800000 0.833333 0.866667 0.900000 0.933333 0.966667 1.000000 1.033333
1.066667 1.100000 1.133333 1.166667 1.200000 1.233333 1.266667 1.300000 1.333333 1.366667 1.400000 1.433333 1.466667 1.500000 1.533333 1.566667
1.600000 1.633333 1.666667 1.700000 1.733333 1.766667 1.800000 1.833333 1.866667 1.900000 1.933333 1.966667 2.000000 2.033333 2.066667 2.100000
2.133333 2.166667 2.200000 2.233333 2.266667 2.300000 2.333333 2.366667 2.400000 2.433333 2.466667 2.500000 2.533333 2.566667 2.600000 2.633333
2.666667 2.700000 2.733333 2.766667 2.800000 2.833333 2.866667 2.900000 2.933333 2.966667 3.000000 3.033333 3.066667 3.100000 3.133333 3.166667
3.200000 3.233333 3.266667 3.300000 3.333333 3.366667 3.400000 3.433333 3.466667 3.500000 3.533333 3.566667 3.600000 3.633333 3.666667</float_array><technique_common><accessor source="#Spine-Matrix-animation-input-array" count="111"><param name="TIME" type="float"/></accessor></technique_common></source><source id="Spine-Matrix-animation-output-transform"><float_array id="Spine-Matrix-animation-output-transform-array" count="1776">

0.998543 0.053946 0.001065 0.009000 -0.052714 0.979565 -0.194098 7.062600 -0.011514 0.193760 0.980981 -0.984700 0.000000 0.000000 0.000000 1.000000
0.999181 0.039480 -0.008824 0.009000 -0.040422 0.982969 -0.179273 7.062600 0.001596 0.179483 0.983760 -0.984700 0.000000 0.000000 0.000000 1.000000
0.999672 0.011761 -0.022766 0.009000 -0.015091 0.988246 -0.152124 7.062600 0.020709 0.152418 0.988099 -0.984700 0.000000 0.000000 0.000000 1.000000
0.999608 -0.015242 -0.023488 0.009000 0.012082 0.991543 -0.129212 7.062600 0.025259 0.128878 0.991339 -0.984700 0.000000 0.000000 0.000000 1.000000
0.999363 -0.033462 -0.012422 0.009000 0.031919 0.993578 -0.108554 7.062600 0.015974 0.108089 0.994013 -0.984700 0.000000 0.000000 0.000000 1.000000
0.999124 -0.041641 -0.004031 0.009000 0.041038 0.994240 -0.099010 7.062600 0.008131 0.098758 0.995078 -0.984700 0.000000 0.000000 0.000000 1.000000
0.998692 -0.051126 0.000599 0.009000 0.050942 0.993944 -0.097368 7.062600 0.004382 0.097272 0.995248 -0.984700 0.000000 0.000000 0.000000 1.000000
0.998360 -0.057219 0.001601 0.009000 0.057104 0.993637 -0.097083 7.062600 0.003965 0.097015 0.995275 -0.984700 0.000000 0.000000 0.000000 1.000000
0.998253 -0.059080 -0.000098 0.009000 0.058804 0.993741 -0.094981 7.062600 0.005709 0.094810 0.995479 -0.984700 0.000000 0.000000 0.000000 1.000000
0.998264 -0.058815 -0.003088 0.009000 0.058289 0.994128 -0.091174 7.062600 0.008433 0.090836 0.995830 -0.984700 0.000000 0.000000 0.000000 1.000000
0.998287 -0.058173 -0.006256 0.009000 0.057412 0.994564 -0.086873 7.062600 0.011275 0.086365 0.996200 -0.984700 0.000000 0.000000 0.000000 1.000000
0.998328 -0.057118 -0.008824 0.009000 0.056189 0.994942 -0.083269 7.062600 0.013536 0.082634 0.996488 -0.984700 0.000000 0.000000 0.000000 1.000000
0.998418 -0.055270 -0.010301 0.009000 0.054261 0.995248 -0.080847 7.062600 0.014720 0.080160 0.996673 -0.984700 0.000000 0.000000 0.000000 1.000000
0.998526 -0.053241 -0.010537 0.009000 0.052238 0.995462 -0.079540 7.062600 0.014724 0.078872 0.996776 -0.984700 0.000000 0.000000 0.000000 1.000000
0.998620 -0.051644 -0.009507 0.009000 0.050733 0.995572 -0.079134 7.062600 0.013552 0.078542 0.996819 -0.984700 0.000000 0.000000 0.000000 1.000000
0.998686 -0.050713 -0.007411 0.009000 0.049965 0.995577 -0.079556 7.062600 0.011412 0.079081 0.996803 -0.984700 0.000000 0.000000 0.000000 1.000000
0.998740 -0.049975 -0.004570 0.009000 0.049444 0.995518 -0.080623 7.062600 0.008579 0.080295 0.996734 -0.984700 0.000000 0.000000 0.000000 1.000000
0.998782 -0.049325 -0.001379 0.009000 0.049047 0.995435 -0.081872 7.062600 0.005411 0.081705 0.996642 -0.984700 0.000000 0.000000 0.000000 1.000000
0.998820 -0.048515 0.002259 0.009000 0.048535 0.995360 -0.083088 7.062600 0.001782 0.083100 0.996540 -0.984700 0.000000 0.000000 0.000000 1.000000
0.998828 -0.048002 0.006231 0.009000 0.048356 0.995276 -0.084192 7.062600 -0.002160 0.084395 0.996430 -0.984700 0.000000 0.000000 0.000000 1.000000
0.998816 -0.047488 0.010511 0.009000 0.048214 0.995187 -0.085318 7.062600 -0.006409 0.085724 0.996298 -0.984700 0.000000 0.000000 0.000000 1.000000
0.998792 -0.046770 0.015039 0.009000 0.047899 0.995108 -0.086405 7.062600 -0.010924 0.087021 0.996147 -0.984700 0.000000 0.000000 0.000000 1.000000
0.998737 -0.046187 0.019764 0.009000 0.047746 0.995022 -0.087476 7.062600 -0.015625 0.088309 0.995971 -0.984700 0.000000 0.000000 0.000000 1.000000
0.998630 -0.046211 0.024531 0.009000 0.048211 0.994916 -0.088414 7.062600 -0.020321 0.089476 0.995782 -0.984700 0.000000 0.000000 0.000000 1.000000
0.998477 -0.046999 0.028895 0.009000 0.049406 0.994792 -0.089146 7.062600 -0.024555 0.090438 0.995599 -0.984700 0.000000 0.000000 0.000000 1.000000
0.998320 -0.047972 0.032486 0.009000 0.050713 0.994686 -0.089600 7.062600 -0.028015 0.091097 0.995448 -0.984700 0.000000 0.000000 0.000000 1.000000
0.998209 -0.048576 0.034904 0.009000 0.051540 0.994631 -0.089741 7.062600 -0.030357 0.091380 0.995353 -0.984700 0.000000 0.000000 0.000000 1.000000
0.998186 -0.048438 0.035767 0.009000 0.051489 0.994612 -0.089976 7.062600 -0.031216 0.091654 0.995301 -0.984700 0.000000 0.000000 0.000000 1.000000
0.998265 -0.047226 0.035155 0.009000 0.050259 0.994575 -0.091080 7.062600 -0.030663 0.092689 0.995223 -0.984700 0.000000 0.000000 0.000000 1.000000
0.998441 -0.044915 0.033142 0.009000 0.047851 0.994432 -0.093892 7.062600 -0.028740 0.095331 0.995031 -0.984700 0.000000 0.000000 0.000000 1.000000
0.998697 -0.041293 0.029995 0.009000 0.044076 0.994113 -0.098976 7.062600 -0.025731 0.100169 0.994638 -0.984700 0.000000 0.000000 0.000000 1.000000
0.999003 -0.036164 0.026184 0.009000 0.038763 0.993534 -0.106714 7.062600 -0.022156 0.107623 0.993945 -0.984700 0.000000 0.000000 0.000000 1.000000
0.999281 -0.031107 0.021656 0.009000 0.033437 0.992548 -0.117174 7.062600 -0.017849 0.117814 0.992875 -0.984700 0.000000 0.000000 0.000000 1.000000
0.999508 -0.026259 0.017125 0.009000 0.028256 0.991204 -0.129295 7.062600 -0.013579 0.129715 0.991458 -0.984700 0.000000 0.000000 0.000000 1.000000
0.999678 -0.021668 0.013223 0.009000 0.023314 0.989786 -0.140644 7.062600 -0.010040 0.140907 0.989972 -0.984700 0.000000 0.000000 0.000000 1.000000
0.999803 -0.016503 0.011040 0.009000 0.017960 0.988756 -0.148454 7.062600 -0.008466 0.148623 0.988858 -0.984700 0.000000 0.000000 0.000000 1.000000
0.999888 -0.012584 0.008054 0.009000 0.013656 0.988445 -0.150961 7.062600 -0.006061 0.151054 0.988507 -0.984700 0.000000 0.000000 0.000000 1.000000
0.999926 -0.011303 0.004506 0.009000 0.011845 0.988939 -0.147847 7.062600 -0.002785 0.147889 0.989000 -0.984700 0.000000 0.000000 0.000000 1.000000
0.999922 -0.012308 0.002294 0.009000 0.012508 0.990127 -0.139613 7.062600 -0.000553 0.139631 0.990203 -0.984700 0.000000 0.000000 0.000000 1.000000
0.999889 -0.014721 0.002271 0.009000 0.014891 0.991731 -0.127470 7.062600 -0.000375 0.127490 0.991840 -0.984700 0.000000 0.000000 0.000000 1.000000
0.999826 -0.018310 0.003616 0.009000 0.018603 0.993263 -0.114382 7.062600 -0.001497 0.114430 0.993430 -0.984700 0.000000 0.000000 0.000000 1.000000
0.999745 -0.021756 0.006029 0.009000 0.022264 0.994376 -0.103542 7.062600 -0.003743 0.103650 0.994607 -0.984700 0.000000 0.000000 0.000000 1.000000
0.999646 -0.025104 0.008787 0.009000 0.025839 0.994948 -0.097013 7.062600 -0.006307 0.097206 0.995244 -0.984700 0.000000 0.000000 0.000000 1.000000
0.999552 -0.027679 0.011379 0.009000 0.028633 0.995104 -0.094596 7.062600 -0.008705 0.094879 0.995451 -0.984700 0.000000 0.000000 0.000000 1.000000
0.999513 -0.027906 0.013948 0.009000 0.029117 0.994966 -0.095888 7.062600 -0.011202 0.096247 0.995294 -0.984700 0.000000 0.000000 0.000000 1.000000
0.999562 -0.025057 0.015747 0.009000 0.026505 0.994669 -0.099657 7.062600 -0.013166 0.100031 0.994897 -0.984700 0.000000 0.000000 0.000000 1.000000
0.999675 -0.019350 0.016574 0.009000 0.020977 0.994319 -0.104354 7.062600 -0.014461 0.104668 0.994402 -0.984700 0.000000 0.000000 0.000000 1.000000
0.999793 -0.012276 0.016208 0.009000 0.013952 0.994087 -0.107682 7.062600 -0.014790 0.107886 0.994053 -0.984700 0.000000 0.000000 0.000000 1.000000
0.999871 -0.006243 0.014787 0.009000 0.007818 0.994016 -0.108952 7.062600 -0.014019 0.109054 0.993937 -0.984700 0.000000 0.000000 0.000000 1.000000
0.999911 -0.001688 0.013256 0.009000 0.003116 0.994098 -0.108442 7.062600 -0.012995 0.108473 0.994014 -0.984700 0.000000 0.000000 0.000000 1.000000
0.999929 0.000826 0.011872 0.009000 0.000445 0.994296 -0.106655 7.062600 -0.011892 0.106653 0.994225 -0.984700 0.000000 0.000000 0.000000 1.000000
0.999940 0.001395 0.010843 0.009000 -0.000261 0.994588 -0.103901 7.062600 -0.010929 0.103892 0.994529 -0.984700 0.000000 0.000000 0.000000 1.000000
0.999948 0.000344 0.010168 0.009000 0.000683 0.994907 -0.100800 7.062600 -0.010151 0.100801 0.994855 -0.984700 0.000000 0.000000 0.000000 1.000000
0.999951 -0.001917 0.009668 0.009000 0.002855 0.995185 -0.097969 7.062600 -0.009433 0.097992 0.995143 -0.984700 0.000000 0.000000 0.000000 1.000000
0.999944 -0.004744 0.009413 0.009000 0.005622 0.995411 -0.095531 7.062600 -0.008917 0.095579 0.995382 -0.984700 0.000000 0.000000 0.000000 1.000000
0.999926 -0.008039 0.009151 0.009000 0.008861 0.995568 -0.093622 7.062600 -0.008358 0.093696 0.995566 -0.984700 0.000000 0.000000 0.000000 1.000000
0.999892 -0.011732 0.008813 0.009000 0.012495 0.995662 -0.092202 7.062600 -0.007693 0.092303 0.995701 -0.984700 0.000000 0.000000 0.000000 1.000000
0.999847 -0.015064 0.008843 0.009000 0.015810 0.995684 -0.091450 7.062600 -0.007428 0.091576 0.995770 -0.984700 0.000000 0.000000 0.000000 1.000000
0.999798 -0.017722 0.009476 0.009000 0.018514 0.995650 -0.091320 7.062600 -0.007816 0.091476 0.995777 -0.984700 0.000000 0.000000 0.000000 1.000000
0.999745 -0.020123 0.010289 0.009000 0.020982 0.995568 -0.091676 7.062600 -0.008399 0.091868 0.995736 -0.984700 0.000000 0.000000 0.000000 1.000000
0.999692 -0.022018 0.011424 0.009000 0.022977 0.995488 -0.092063 7.062600 -0.009345 0.092297 0.995688 -0.984700 0.000000 0.000000 0.000000 1.000000
0.999646 -0.023285 0.012867 0.009000 0.024375 0.995431 -0.092317 7.062600 -0.010658 0.092598 0.995647 -0.984700 0.000000 0.000000 0.000000 1.000000
0.999601 -0.024402 0.014212 0.009000 0.025612 0.995407 -0.092245 7.062600 -0.011896 0.092572 0.995635 -0.984700 0.000000 0.000000 0.000000 1.000000
0.999557 -0.025512 0.015305 0.009000 0.026809 0.995436 -0.091593 7.062600 -0.012898 0.091963 0.995679 -0.984700 0.000000 0.000000 0.000000 1.000000
0.999522 -0.026166 0.016494 0.009000 0.027545 0.995575 -0.089847 7.062600 -0.014070 0.090258 0.995819 -0.984700 0.000000 0.000000 0.000000 1.000000
0.999494 -0.026347 0.017804 0.009000 0.027792 0.995865 -0.086495 7.062600 -0.015451 0.086946 0.996093 -0.984700 0.000000 0.000000 0.000000 1.000000
0.999458 -0.027326 0.018347 0.009000 0.028737 0.996248 -0.081639 7.062600 -0.016048 0.082122 0.996493 -0.984700 0.000000 0.000000 0.000000 1.000000
0.999431 -0.028587 0.017882 0.009000 0.029862 0.996690 -0.075612 7.062600 -0.015661 0.076103 0.996977 -0.984700 0.000000 0.000000 0.000000 1.000000
0.999434 -0.029533 0.016098 0.009000 0.030574 0.997163 -0.068778 7.062600 -0.014021 0.069231 0.997502 -0.984700 0.000000 0.000000 0.000000 1.000000
0.999471 -0.029797 0.013013 0.009000 0.030539 0.997666 -0.061076 7.062600 -0.011162 0.061441 0.998048 -0.984700 0.000000 0.000000 0.000000 1.000000
0.999541 -0.028907 0.009030 0.009000 0.029339 0.998215 -0.052013 7.062600 -0.007511 0.052254 0.998606 -0.984700 0.000000 0.000000 0.000000 1.000000
0.999635 -0.026579 0.004763 0.009000 0.026754 0.998786 -0.041356 7.062600 -0.003658 0.041468 0.999133 -0.984700 0.000000 0.000000 0.000000 1.000000
0.999732 -0.023133 0.000283 0.009000 0.023131 0.999298 -0.029482 7.062600 0.000400 0.029481 0.999565 -0.984700 0.000000 0.000000 0.000000 1.000000
0.999815 -0.018779 -0.004219 0.009000 0.018704 0.999678 -0.017147 7.062600 0.004540 0.017065 0.999844 -0.984700 0.000000 0.000000 0.000000 1.000000
0.999843 -0.015321 -0.008883 0.009000 0.015269 0.999867 -0.005810 7.062600 0.008970 0.005673 0.999944 -0.984700 0.000000 0.000000 0.000000 1.000000
0.999831 -0.012851 -0.013148 0.009000 0.012894 0.999912 0.003233 7.062600 0.013105 -0.003402 0.999908 -0.984700 0.000000 0.000000 0.000000 1.000000
0.999785 -0.011785 -0.017033 0.009000 0.011958 0.999878 0.010067 7.062600 0.016912 -0.010269 0.999804 -0.984700 0.000000 0.000000 0.000000 1.000000
0.999716 -0.012132 -0.020526 0.009000 0.012422 0.999824 0.014092 7.062600 0.020352 -0.014343 0.999690 -0.984700 0.000000 0.000000 0.000000 1.000000
0.999632 -0.013276 -0.023642 0.009000 0.013628 0.999797 0.014809 7.062600 0.023441 -0.015126 0.999611 -0.984700 0.000000 0.000000 0.000000 1.000000
0.999506 -0.016378 -0.026833 0.009000 0.016706 0.999788 0.012049 7.062600 0.026630 -0.012491 0.999567 -0.984700 0.000000 0.000000 0.000000 1.000000
0.999372 -0.019455 -0.029602 0.009000 0.019654 0.999786 0.006474 7.062600 0.029469 -0.007051 0.999541 -0.984700 0.000000 0.000000 0.000000 1.000000
0.999248 -0.022292 -0.031728 0.009000 0.022283 0.999752 -0.000625 7.062600 0.031734 -0.000082 0.999496 -0.984700 0.000000 0.000000 0.000000 1.000000
0.999149 -0.024685 -0.033040 0.009000 0.024421 0.999667 -0.008375 7.062600 0.033235 0.007561 0.999419 -0.984700 0.000000 0.000000 0.000000 1.000000
0.999055 -0.027665 -0.033508 0.009000 0.027124 0.999496 -0.016471 7.062600 0.033947 0.015547 0.999303 -0.984700 0.000000 0.000000 0.000000 1.000000
0.999028 -0.029145 -0.033084 0.009000 0.028308 0.999274 -0.025502 7.062600 0.033803 0.024541 0.999127 -0.984700 0.000000 0.000000 0.000000 1.000000
0.998973 -0.032475 -0.031606 0.009000 0.031335 0.998863 -0.035930 7.062600 0.032737 0.034903 0.998854 -0.984700 0.000000 0.000000 0.000000 1.000000
0.999057 -0.030692 -0.030697 0.009000 0.029223 0.998457 -0.047224 7.062600 0.032099 0.046282 0.998413 -0.984700 0.000000 0.000000 0.000000 1.000000
0.999042 -0.033962 -0.027591 0.009000 0.032296 0.997750 -0.058745 7.062600 0.029524 0.057797 0.997892 -0.984700 0.000000 0.000000 0.000000 1.000000
0.999083 -0.034332 -0.025579 0.009000 0.032484 0.997057 -0.069448 7.062600 0.027888 0.068553 0.997258 -0.984700 0.000000 0.000000 0.000000 1.000000
0.999104 -0.035461 -0.023097 0.009000 0.033546 0.996340 -0.078621 7.062600 0.025800 0.077776 0.996637 -0.984700 0.000000 0.000000 0.000000 1.000000
0.999137 -0.036083 -0.020556 0.009000 0.034198 0.995737 -0.085666 7.062600 0.023560 0.084889 0.996112 -0.984700 0.000000 0.000000 0.000000 1.000000
0.999154 -0.037072 -0.017810 0.009000 0.035332 0.995342 -0.089695 7.062600 0.021052 0.088990 0.995810 -0.984700 0.000000 0.000000 0.000000 1.000000
0.999147 -0.038480 -0.014971 0.009000 0.036980 0.995248 -0.090079 7.062600 0.018366 0.089448 0.995822 -0.984700 0.000000 0.000000 0.000000 1.000000
0.999122 -0.040089 -0.012189 0.009000 0.038879 0.995441 -0.087097 7.062600 0.015625 0.086546 0.996125 -0.984700 0.000000 0.000000 0.000000 1.000000
0.999098 -0.041360 -0.009661 0.009000 0.040434 0.995833 -0.081746 7.062600 0.013002 0.081282 0.996606 -0.984700 0.000000 0.000000 0.000000 1.000000
0.999097 -0.041794 -0.007668 0.009000 0.041103 0.996336 -0.075006 7.062600 0.010775 0.074623 0.997154 -0.984700 0.000000 0.000000 0.000000 1.000000
0.999085 -0.042377 -0.005818 0.009000 0.041887 0.996831 -0.067634 7.062600 0.008665 0.067328 0.997693 -0.984700 0.000000 0.000000 0.000000 1.000000
0.999066 -0.042999 -0.004311 0.009000 0.042660 0.997256 -0.060501 7.062600 0.006901 0.060260 0.998159 -0.984700 0.000000 0.000000 0.000000 1.000000
0.999068 -0.043017 -0.003594 0.009000 0.042758 0.997593 -0.054584 7.062600 0.005933 0.054379 0.998503 -0.984700 0.000000 0.000000 0.000000 1.000000
0.999072 -0.042919 -0.003506 0.009000 0.042688 0.997811 -0.050502 7.062600 0.005666 0.050306 0.998718 -0.984700 0.000000 0.000000 0.000000 1.000000
0.999071 -0.042912 -0.003865 0.009000 0.042676 0.997924 -0.048233 7.062600 0.005927 0.048023 0.998829 -0.984700 0.000000 0.000000 0.000000 1.000000
0.999056 -0.043191 -0.004549 0.009000 0.042927 0.997949 -0.047484 7.062600 0.006591 0.047244 0.998862 -0.984700 0.000000 0.000000 0.000000 1.000000
0.999021 -0.043902 -0.005355 0.009000 0.043596 0.997899 -0.047937 7.062600 0.007448 0.047657 0.998836 -0.984700 0.000000 0.000000 0.000000 1.000000
0.998988 -0.044523 -0.006311 0.009000 0.044159 0.997807 -0.049312 7.062600 0.008493 0.048983 0.998764 -0.984700 0.000000 0.000000 0.000000 1.000000
0.998958 -0.045056 -0.007249 0.009000 0.044629 0.997698 -0.051057 7.062600 0.009532 0.050680 0.998669 -0.984700 0.000000 0.000000 0.000000 1.000000
0.998938 -0.045345 -0.008206 0.009000 0.044861 0.997649 -0.051804 7.062600 0.010536 0.051381 0.998624 -0.984700 0.000000 0.000000 0.000000 1.000000
0.998923 -0.045557 -0.008765 0.009000 0.045040 0.997623 -0.052159 7.062600 0.011121 0.051708 0.998600 -0.984700 0.000000 0.000000 0.000000 1.000000
0.998912 -0.045706 -0.009220 0.009000 0.045165 0.997616 -0.052175 7.062600 0.011582 0.051702 0.998595 -0.984700 0.000000 0.000000 0.000000 1.000000
0.998910 -0.045673 -0.009603 0.009000 0.045112 0.997617 -0.052196 7.062600 0.011964 0.051706 0.998591 -0.984700 0.000000 0.000000 0.000000 1.000000
0.998905 -0.045758 -0.009790 0.009000 0.045187 0.997613 -0.052209 7.062600 0.012156 0.051709 0.998588 -0.984700 0.000000 0.000000 0.000000 1.000000
0.998900 -0.045864 -0.009747 0.009000 0.045295 0.997608 -0.052213 7.062600 0.012119 0.051714 0.998588 -0.984700 0.000000 0.000000 0.000000 1.000000</float_array><technique_common><accessor source="#Spine-Matrix-animation-output-transform-array" count="111" stride="16"><param type="float4x4"/></accessor></technique_common></source><source id="Spine-Interpolations"><Name_array id="Spine-Interpolations-array" count="111">
 LINEAR LINEAR LINEAR LINEAR LINEAR LINEAR LINEAR LINEAR LINEAR LINEAR LINEAR
LINEAR LINEAR LINEAR LINEAR LINEAR LINEAR LINEAR LINEAR LINEAR LINEAR LINEAR LINEAR
LINEAR LINEAR LINEAR LINEAR LINEAR LINEAR LINEAR LINEAR LINEAR LINEAR LINEAR LINEAR
LINEAR LINEAR LINEAR LINEAR LINEAR LINEAR LINEAR LINEAR LINEAR LINEAR LINEAR LINEAR
LINEAR LINEAR LINEAR LINEAR LINEAR LINEAR LINEAR LINEAR LINEAR LINEAR LINEAR LINEAR
LINEAR LINEAR LINEAR LINEAR LINEAR LINEAR LINEAR LINEAR LINEAR LINEAR LINEAR LINEAR
LINEAR LINEAR LINEAR LINEAR LINEAR LINEAR LINEAR LINEAR LINEAR LINEAR LINEAR LINEAR
LINEAR LINEAR LINEAR LINEAR LINEAR LINEAR LINEAR LINEAR LINEAR LINEAR LINEAR LINEAR
LINEAR LINEAR LINEAR LINEAR LINEAR LINEAR LINEAR LINEAR LINEAR LINEAR LINEAR LINEAR
LINEAR LINEAR LINEAR LINEAR</Name_array><technique_common><accessor source="#Spine-Interpolations-array" count="111"><param type="name"/></accessor></technique_common></source><sampler id="Spine-Matrix-animation-transform"><input semantic="INPUT" source="#Spine-Matrix-animation-input"/><input semantic="OUTPUT" source="#Spine-Matrix-animation-output-transform"/><input semantic="INTERPOLATION" source="#Spine-Interpolations"/></sampler><channel source="#Spine-Matrix-animation-transform" target="Spine/matrix"/></animation>
    <animation id="Spine1-anim" name="Spine1"><source id="Spine1-Matrix-animation-input"><float_array id="Spine1-Matrix-animation-input-array" count="111">

0.000000 0.033333 0.066667 0.100000 0.133333 0.166667 0.200000 0.233333 0.266667 0.300000 0.333333 0.366667 0.400000 0.433333 0.466667 0.500000
