<?xml version="1.0" encoding="utf-8"?>
<COLLADA xmlns="http://www.collada.org/2005/11/COLLADASchema" version="1.4.1">
  <asset><contributor><author>Mixamo</author><authoring_tool>COLLADA Mixamo exporter</authoring_tool><comments></comments></contributor><created>2019-05-03T22:27:15Z</created><modified>2019-05-03T22:27:15Z</modified><revision></revision><title></title><unit meter="0.010000"/><up_axis>Y_UP</up_axis></asset>
  <library_animations>
    <animation id="Hips-anim" name="Hips"><source id="Hips-Matrix-animation-input"><float_array id="Hips-Matrix-animation-input-array" count="305">

0.000000 0.033333 0.066667 0.100000 0.133333 0.166667 0.200000 0.233333 0.266667 0.300000 0.333333 0.366667 0.400000 0.433333 0.466667 0.500000
0.533333 0.566667 0.600000 0.633333 0.666667 0.700000 0.733333 0.766667 0.800000 0.833333 0.866667 0.900000 0.933333 0.966667 1.000000 1.033333
1.066667 1.100000 1.133333 1.166667 1.200000 1.233333 1.266667 1.300000 1.333333 1.366667 1.400000 1.433333 1.466667 1.500000 1.533333 1.566667
1.600000 1.633333 1.666667 1.700000 1.733333 1.766667 1.800000 1.833333 1.866667 1.900000 1.933333 1.966667 2.000000 2.033333 2.066667 2.100000
2.133333 2.166667 2.200000 2.233333 2.266667 2.300000 2.333333 2.366667 2.400000 2.433333 2.466667 2.500000 2.533333 2.566667 2.600000 2.633333
2.666667 2.700000 2.733333 2.766667 2.800000 2.833333 2.866667 2.900000 2.933333 2.966667 3.000000 3.033333 3.066667 3.100000 3.133333 3.166667
3.200000 3.233333 3.266667 3.300000 3.333333 3.366667 3.400000 3.433333 3.466667 3.500000 3.533333 3.566667 3.600000 3.633333 3.666667 3.700000
3.733333 3.766667 3.800000 3.833333 3.866667 3.900000 3.933333 3.966667 4.000000 4.033333 4.066667 4.100000 4.133333 4.166667 4.200000 4.233333
4.266667 4.300000 4.333333 4.366667 4.400000 4.433333 4.466667 4.500000 4.533333 4.566667 4.600000 4.633333 4.666667 4.700000 4.733333 4.766667
4.800000 4.833333 4.866667 4.900000 4.933333 4.966667 5.000000 5.033333 5.066667 5.100000 5.133333 5.166667 5.200000 5.233333 5.266667 5.300000
5.333333 5.366667 5.400000 5.433333 5.466667 5.500000 5.533333 5.566667 5.600000 5.633333 5.666667 5.700000 5.733333 5.766667 5.800000 5.833333
5.866667 5.900000 5.933333 5.966667 6.000000 6.033333 6.066667 6.100000 6.133333 6.166667 6.200000 6.233333 6.266667 6.300000 6.333333 6.366667
6.400000 6.433333 6.466667 6.500000 6.533333 6.566667 6.600000 6.633333 6.666667 6.700000 6.733333 6.766667 6.800000 6.833333 6.866667 6.900000
6.933333 6.966667 7.000000 7.033333 7.066667 7.100000 7.133333 7.166667 7.200000 7.233333 7.266667 7.300000 7.333333 7.366667 7.400000 7.433333
7.466667 7.500000 7.533333 7.566667 7.600000 7.633333 7.666667 7.700000 7.733333 7.766667 7.800000 7.833333 7.866667 7.900000 7.933333 7.966667
8.000000 8.033333 8.066667 8.100000 8.133333 8.166667 8.200000 8.233333 8.266667 8.300000 8.333333 8.366667 8.400000 8.433333 8.466667 8.500000
8.533333 8.566667 8.600000 8.633333 8.666667 8.700000 8.733333 8.766667 8.800000 8.833333 8.866667 8.900000 8.933333 8.966667 9.000000 9.033333
9.066667 9.100000 9.133333 9.166667 9.200000 9.233333 9.266667 9.300000 9.333333 9.366667 9.400000 9.433333 9.466667 9.500000 9.533333 9.566667
9.600000 9.633333 9.666667 9.700000 9.733333 9.766667 9.800000 9.833333 9.866667 9.900000 9.933333 9.966667 10.000000 10.033333 10.066667 10.100000
10.133333</float_array><technique_common><accessor source="#Hips-Matrix-animation-input-array" count="305"><param name="TIME" type="float"/></accessor></technique_common></source><source id="Hips-Matrix-animation-output-transform"><float_array id="Hips-Matrix-animation-output-transform-array" count="4880">

0.998527 0.053570 0.008648 -3.804507 -0.054261 0.987129 0.150438 78.134087 -0.000478 -0.150686 0.988582 -0.260067 0.000000 0.000000 0.000000 1.000000
0.998525 0.053610 0.008554 -3.803996 -0.054287 0.987164 0.150197 78.134201 -0.000392 -0.150440 0.988619 -0.257891 0.000000 0.000000 0.000000 1.000000
0.998525 0.053636 0.008388 -3.799485 -0.054287 0.987175 0.150131 78.119743 -0.000228 -0.150365 0.988631 -0.252623 0.000000 0.000000 0.000000 1.000000
0.998527 0.053577 0.008515 -3.795145 -0.054248 0.987178 0.150121 78.104591 -0.000363 -0.150362 0.988631 -0.246962 0.000000 0.000000 0.000000 1.000000
0.998531 0.053440 0.008899 -3.793598 -0.054171 0.987192 0.150057 78.103127 -0.000766 -0.150319 0.988637 -0.240580 0.000000 0.000000 0.000000 1.000000
0.998536 0.053349 0.008979 -3.795007 -0.054092 0.987225 0.149868 78.119102 -0.000869 -0.150134 0.988665 -0.232214 0.000000 0.000000 0.000000 1.000000
0.998535 0.053338 0.009091 -3.796136 -0.054098 0.987243 0.149746 78.129829 -0.000988 -0.150018 0.988683 -0.223866 0.000000 0.000000 0.000000 1.000000
0.998525 0.053518 0.009185 -3.798258 -0.054290 0.987246 0.149660 78.105621 -0.001059 -0.149937 0.988695 -0.217175 0.000000 0.000000 0.000000 1.000000
0.998524 0.053450 0.009613 -3.802622 -0.054286 0.987271 0.149492 78.104889 -0.001500 -0.149794 0.988716 -0.209337 0.000000 0.000000 0.000000 1.000000
0.998542 0.053013 0.010178 -3.804426 -0.053939 0.987337 0.149186 78.112923 -0.002140 -0.149517 0.988757 -0.201758 0.000000 0.000000 0.000000 1.000000
0.998570 0.052366 0.010775 -3.803154 -0.053386 0.987466 0.148529 78.112282 -0.002862 -0.148892 0.988849 -0.197738 0.000000 0.000000 0.000000 1.000000
0.998574 0.052219 0.011092 -3.807806 -0.053285 0.987618 0.147554 78.107597 -0.003249 -0.147935 0.988992 -0.191843 0.000000 0.000000 0.000000 1.000000
0.998568 0.052247 0.011492 -3.813975 -0.053366 0.987853 0.145943 78.110306 -0.003727 -0.146348 0.989226 -0.179902 0.000000 0.000000 0.000000 1.000000
0.998551 0.052525 0.011692 -3.822061 -0.053663 0.988098 0.144160 78.108315 -0.003981 -0.144578 0.989485 -0.162632 0.000000 0.000000 0.000000 1.000000
0.998525 0.052970 0.011879 -3.832393 -0.054125 0.988249 0.142951 78.111229 -0.004167 -0.143383 0.989659 -0.141074 0.000000 0.000000 0.000000 1.000000
0.998521 0.052953 0.012356 -3.842928 -0.054176 0.988279 0.142719 78.105225 -0.004654 -0.143177 0.989686 -0.114987 0.000000 0.000000 0.000000 1.000000
0.998518 0.052921 0.012719 -3.853616 -0.054197 0.988264 0.142815 78.109497 -0.005012 -0.143293 0.989668 -0.081921 0.000000 0.000000 0.000000 1.000000
0.998492 0.053280 0.013245 -3.866502 -0.054628 0.988229 0.142896 78.122673 -0.005476 -0.143404 0.989649 -0.040254 0.000000 0.000000 0.000000 1.000000
0.998465 0.053686 0.013635 -3.875447 -0.055087 0.988170 0.143126 78.129379 -0.005790 -0.143658 0.989611 0.012640 0.000000 0.000000 0.000000 1.000000
0.998449 0.053790 0.014389 -3.882054 -0.055301 0.988098 0.143539 78.133049 -0.006497 -0.144112 0.989540 0.072079 0.000000 0.000000 0.000000 1.000000
0.998432 0.053924 0.015023 -3.886163 -0.055528 0.988018 0.144003 78.140305 -0.007078 -0.144611 0.989463 0.136777 0.000000 0.000000 0.000000 1.000000
0.998410 0.054123 0.015746 -3.886595 -0.055836 0.987880 0.144828 78.139954 -0.007716 -0.145477 0.989332 0.207175 0.000000 0.000000 0.000000 1.000000
0.998376 0.054500 0.016576 -3.885790 -0.056342 0.987649 0.146204 78.131409 -0.008403 -0.146901 0.989116 0.283346 0.000000 0.000000 0.000000 1.000000
0.998365 0.054569 0.017047 -3.884291 -0.056494 0.987393 0.147862 78.130127 -0.008763 -0.148583 0.988861 0.362473 0.000000 0.000000 0.000000 1.000000
0.998359 0.054571 0.017329 -3.886347 -0.056557 0.987080 0.149914 78.139496 -0.008924 -0.150648 0.988547 0.448259 0.000000 0.000000 0.000000 1.000000
0.998331 0.054888 0.017952 -3.887534 -0.056984 0.986732 0.152031 78.141701 -0.009369 -0.152800 0.988213 0.551455 0.000000 0.000000 0.000000 1.000000
0.998327 0.054656 0.018844 -3.888148 -0.056920 0.986294 0.154869 78.136986 -0.010121 -0.155682 0.987755 0.686903 0.000000 0.000000 0.000000 1.000000
0.998284 0.054862 0.020498 -3.893291 -0.057410 0.985886 0.157267 78.144890 -0.011580 -0.158174 0.987343 0.814636 0.000000 0.000000 0.000000 1.000000
0.998200 0.055585 0.022498 -3.903868 -0.058458 0.985622 0.158533 78.165443 -0.013362 -0.159563 0.987097 0.918901 0.000000 0.000000 0.000000 1.000000
0.998112 0.056065 0.025095 -3.913101 -0.059372 0.985306 0.160148 78.163429 -0.015747 -0.161336 0.986774 1.030408 0.000000 0.000000 0.000000 1.000000
0.998003 0.056559 0.028132 -3.925614 -0.060387 0.984925 0.162098 78.160210 -0.018540 -0.163473 0.986374 1.136554 0.000000 0.000000 0.000000 1.000000
0.997877 0.057501 0.030584 -3.932304 -0.061742 0.984657 0.163211 78.143234 -0.020730 -0.164753 0.986117 1.222941 0.000000 0.000000 0.000000 1.000000
0.997760 0.058915 0.031701 -3.927315 -0.063316 0.984592 0.163003 78.115288 -0.021609 -0.164645 0.986116 1.270880 0.000000 0.000000 0.000000 1.000000
0.997654 0.060924 0.031207 -3.912444 -0.065176 0.984791 0.161054 78.085472 -0.020920 -0.162710 0.986452 1.264597 0.000000 0.000000 0.000000 1.000000
0.997686 0.061808 0.028341 -3.875692 -0.065511 0.985398 0.157158 78.075371 -0.018213 -0.158651 0.987167 1.224807 0.000000 0.000000 0.000000 1.000000
0.997784 0.061874 0.024485 -3.817118 -0.064872 0.986420 0.150887 78.084267 -0.014816 -0.152141 0.988248 1.129521 0.000000 0.000000 0.000000 1.000000
0.997976 0.060581 0.019325 -3.763384 -0.062730 0.987705 0.143194 78.115540 -0.010412 -0.144116 0.989506 0.982157 0.000000 0.000000 0.000000 1.000000
0.998382 0.055274 0.013328 -3.685442 -0.056558 0.989503 0.132982 78.163063 -0.005838 -0.133520 0.991029 0.768815 0.000000 0.000000 0.000000 1.000000
0.998576 0.052635 0.008742 -3.631432 -0.053310 0.991072 0.122205 78.183846 -0.002232 -0.122497 0.992466 0.524263 0.000000 0.000000 0.000000 1.000000
0.998706 0.050608 0.005064 -3.600810 -0.050856 0.992422 0.111854 78.218819 0.000635 -0.111967 0.993712 0.274140 0.000000 0.000000 0.000000 1.000000
0.998812 0.048646 0.002697 -3.585053 -0.048667 0.993562 0.102306 78.228630 0.002298 -0.102316 0.994749 0.016229 0.000000 0.000000 0.000000 1.000000
0.998893 0.046995 0.001958 -3.591369 -0.046971 0.994480 0.093826 78.182213 0.002462 -0.093814 0.995587 -0.230502 0.000000 0.000000 0.000000 1.000000
0.998932 0.046055 0.003631 -3.628747 -0.046197 0.995169 0.086623 78.128654 0.000376 -0.086699 0.996235 -0.438729 0.000000 0.000000 0.000000 1.000000
0.998885 0.046654 0.007288 -3.685728 -0.047089 0.995654 0.080346 78.088730 -0.003507 -0.080599 0.996740 -0.599052 0.000000 0.000000 0.000000 1.000000
0.998787 0.047685 0.012276 -3.756270 -0.048486 0.995893 0.076467 78.076248 -0.008579 -0.076969 0.996997 -0.698913 0.000000 0.000000 0.000000 1.000000
0.998696 0.047844 0.017783 -3.831684 -0.049073 0.995849 0.076653 78.095299 -0.014042 -0.077426 0.996899 -0.723477 0.000000 0.000000 0.000000 1.000000
0.998604 0.047166 0.023769 -3.898934 -0.048926 0.995603 0.079884 78.125542 -0.019897 -0.080936 0.996521 -0.683742 0.000000 0.000000 0.000000 1.000000
0.998504 0.045379 0.030491 -3.955472 -0.047813 0.995274 0.084521 78.150291 -0.026511 -0.085853 0.995955 -0.607907 0.000000 0.000000 0.000000 1.000000
0.998392 0.042796 0.037173 -4.000177 -0.045988 0.994902 0.089748 78.171478 -0.033142 -0.091314 0.995271 -0.511257 0.000000 0.000000 0.000000 1.000000
0.998197 0.040818 0.044018 -4.031250 -0.044850 0.994478 0.094883 78.176323 -0.039902 -0.096686 0.994515 -0.390379 0.000000 0.000000 0.000000 1.000000
0.997950 0.038512 0.051112 -4.056171 -0.043449 0.994109 0.099290 78.186882 -0.046987 -0.101308 0.993745 -0.265459 0.000000 0.000000 0.000000 1.000000
0.997737 0.035643 0.057017 -4.073010 -0.041382 0.993833 0.102877 78.197189 -0.052999 -0.105004 0.993059 -0.141712 0.000000 0.000000 0.000000 1.000000
0.997518 0.034088 0.061611 -4.082029 -0.040484 0.993569 0.105743 78.195717 -0.057610 -0.107975 0.992483 -0.003486 0.000000 0.000000 0.000000 1.000000
0.997336 0.033208 0.064952 -4.088020 -0.040088 0.993379 0.107664 78.194183 -0.060946 -0.109981 0.992063 0.136057 0.000000 0.000000 0.000000 1.000000
0.997290 0.032059 0.066225 -4.088410 -0.039160 0.993285 0.108868 78.195541 -0.062290 -0.111166 0.991848 0.260975 0.000000 0.000000 0.000000 1.000000
0.997391 0.031515 0.064951 -4.085658 -0.038506 0.993256 0.109358 78.202599 -0.061067 -0.111574 0.991878 0.369120 0.000000 0.000000 0.000000 1.000000
0.997565 0.031503 0.062219 -4.082891 -0.038192 0.993262 0.109420 78.209602 -0.058352 -0.111530 0.992046 0.464381 0.000000 0.000000 0.000000 1.000000
0.997794 0.031218 0.058587 -4.075336 -0.037508 0.993275 0.109533 78.206894 -0.054773 -0.111489 0.992255 0.546969 0.000000 0.000000 0.000000 1.000000
0.997989 0.031928 0.054754 -4.074028 -0.037806 0.993223 0.109905 78.201736 -0.050874 -0.111754 0.992433 0.637249 0.000000 0.000000 0.000000 1.000000
0.998082 0.033980 0.051749 -4.088833 -0.039563 0.993034 0.110992 78.203804 -0.047617 -0.112826 0.992473 0.752786 0.000000 0.000000 0.000000 1.000000
0.998241 0.034826 0.047977 -4.106351 -0.040033 0.992874 0.112243 78.206978 -0.043726 -0.113966 0.992522 0.840725 0.000000 0.000000 0.000000 1.000000
0.998424 0.035501 0.043470 -4.128798 -0.040217 0.992790 0.112921 78.202454 -0.039148 -0.114491 0.992653 0.908674 0.000000 0.000000 0.000000 1.000000
0.998558 0.036512 0.039359 -4.158648 -0.040782 0.992666 0.113800 78.201752 -0.034916 -0.115241 0.992724 0.986593 0.000000 0.000000 0.000000 1.000000
0.998649 0.037821 0.035638 -4.193613 -0.041699 0.992460 0.115255 78.206398 -0.031010 -0.116585 0.992696 1.077154 0.000000 0.000000 0.000000 1.000000
0.998719 0.039118 0.032101 -4.235010 -0.042618 0.992244 0.116776 78.206017 -0.027284 -0.117994 0.992639 1.183133 0.000000 0.000000 0.000000 1.000000
0.998778 0.040386 0.028488 -4.290921 -0.043490 0.992010 0.118426 78.214729 -0.023477 -0.119520 0.992554 1.306406 0.000000 0.000000 0.000000 1.000000
0.998865 0.041234 0.023854 -4.354671 -0.043818 0.991746 0.120494 78.218216 -0.018689 -0.121403 0.992427 1.441410 0.000000 0.000000 0.000000 1.000000
0.998914 0.042460 0.019196 -4.427254 -0.044510 0.991360 0.123387 78.207573 -0.013792 -0.124107 0.992173 1.602355 0.000000 0.000000 0.000000 1.000000
0.998875 0.044695 0.015873 -4.518314 -0.046350 0.990851 0.126751 78.203407 -0.010062 -0.127344 0.991808 1.780465 0.000000 0.000000 0.000000 1.000000
0.998830 0.046433 0.013532 -4.612087 -0.047803 0.990318 0.130328 78.185684 -0.007349 -0.130823 0.991379 1.960341 0.000000 0.000000 0.000000 1.000000
0.998784 0.047680 0.012544 -4.704449 -0.048935 0.989708 0.134477 78.158661 -0.006003 -0.134927 0.990837 2.158494 0.000000 0.000000 0.000000 1.000000
0.998689 0.049615 0.012562 -4.799416 -0.050880 0.989013 0.138795 78.138580 -0.005537 -0.139252 0.990242 2.361873 0.000000 0.000000 0.000000 1.000000
0.998488 0.053479 0.012753 -4.897117 -0.054749 0.988354 0.141984 78.106247 -0.005011 -0.142467 0.989787 2.543605 0.000000 0.000000 0.000000 1.000000
0.998259 0.057596 0.012701 -4.975294 -0.058823 0.987935 0.143262 78.064728 -0.004297 -0.143760 0.989603 2.684379 0.000000 0.000000 0.000000 1.000000
0.998080 0.060806 0.011774 -5.023093 -0.061860 0.988067 0.141060 78.022263 -0.003056 -0.141517 0.989931 2.747887 0.000000 0.000000 0.000000 1.000000
0.998048 0.061715 0.009528 -5.033126 -0.062437 0.988829 0.135344 78.007034 -0.001069 -0.135675 0.990753 2.739874 0.000000 0.000000 0.000000 1.000000
0.998199 0.059725 0.005694 -5.006302 -0.059964 0.990082 0.127052 78.058800 0.001950 -0.127164 0.991880 2.668186 0.000000 0.000000 0.000000 1.000000
0.998380 0.056894 -0.001159 -4.955847 -0.056375 0.991635 0.116112 78.146782 0.007755 -0.115858 0.993235 2.504418 0.000000 0.000000 0.000000 1.000000
0.998441 0.054812 -0.010544 -4.878272 -0.053423 0.993144 0.103977 78.210976 0.016171 -0.103252 0.994524 2.261832 0.000000 0.000000 0.000000 1.000000
0.998363 0.053812 -0.019358 -4.787498 -0.051799 0.994348 0.092679 78.239731 0.024236 -0.091524 0.995508 1.966080 0.000000 0.000000 0.000000 1.000000
0.998180 0.054343 -0.026139 -4.701744 -0.052014 0.995210 0.082780 78.236221 0.030512 -0.081270 0.996225 1.629732 0.000000 0.000000 0.000000 1.000000
0.998067 0.054927 -0.029088 -4.616636 -0.052634 0.995833 0.074468 78.205803 0.033057 -0.072793 0.996799 1.295808 0.000000 0.000000 0.000000 1.000000
0.998117 0.054895 -0.027365 -4.537365 -0.052910 0.996236 0.068655 78.180115 0.031031 -0.067078 0.997265 1.015354 0.000000 0.000000 0.000000 1.000000
0.998150 0.055997 -0.023690 -4.471945 -0.054334 0.996352 0.065804 78.158722 0.027288 -0.064395 0.997551 0.780730 0.000000 0.000000 0.000000 1.000000
0.998143 0.057430 -0.020326 -4.418139 -0.056001 0.996314 0.064980 78.134979 0.023983 -0.063721 0.997680 0.607453 0.000000 0.000000 0.000000 1.000000
0.998143 0.058340 -0.017532 -4.377152 -0.057079 0.996225 0.065406 78.130524 0.021282 -0.064284 0.997705 0.515545 0.000000 0.000000 0.000000 1.000000
0.998096 0.059587 -0.015905 -4.349497 -0.058396 0.996039 0.067049 78.139664 0.019837 -0.065992 0.997623 0.492375 0.000000 0.000000 0.000000 1.000000
0.998012 0.061106 -0.015442 -4.328579 -0.059896 0.995790 0.069385 78.157387 0.019616 -0.068323 0.997470 0.515352 0.000000 0.000000 0.000000 1.000000
0.997949 0.062010 -0.015902 -4.306852 -0.060709 0.995537 0.072255 78.167976 0.020311 -0.071142 0.997259 0.574023 0.000000 0.000000 0.000000 1.000000
0.997901 0.062417 -0.017238 -4.284083 -0.060957 0.995309 0.075126 78.170830 0.021846 -0.073918 0.997025 0.658875 0.000000 0.000000 0.000000 1.000000
0.997838 0.062933 -0.018959 -4.263663 -0.061291 0.995115 0.077388 78.175041 0.023737 -0.076059 0.996821 0.757979 0.000000 0.000000 0.000000 1.000000
0.997795 0.063236 -0.020154 -4.241904 -0.061450 0.994942 0.079463 78.166122 0.025077 -0.078050 0.996634 0.859748 0.000000 0.000000 0.000000 1.000000
0.997775 0.063502 -0.020289 -4.225154 -0.061647 0.994743 0.081771 78.155106 0.025375 -0.080339 0.996445 0.971119 0.000000 0.000000 0.000000 1.000000
0.997768 0.063920 -0.019339 -4.214981 -0.062085 0.994534 0.083950 78.164154 0.024599 -0.082562 0.996282 1.097546 0.000000 0.000000 0.000000 1.000000
0.997755 0.064568 -0.017752 -4.208086 -0.062821 0.994334 0.085754 78.171997 0.023189 -0.084446 0.996158 1.225310 0.000000 0.000000 0.000000 1.000000
0.997743 0.065176 -0.016180 -4.206791 -0.063519 0.994125 0.087644 78.182266 0.021797 -0.086418 0.996020 1.348802 0.000000 0.000000 0.000000 1.000000
0.997742 0.065614 -0.014336 -4.206183 -0.064082 0.993943 0.089283 78.189987 0.020107 -0.088163 0.995903 1.462923 0.000000 0.000000 0.000000 1.000000
0.997738 0.066183 -0.011761 -4.204173 -0.064850 0.993763 0.090719 78.187073 0.017691 -0.089751 0.995807 1.574570 0.000000 0.000000 0.000000 1.000000
0.997752 0.066437 -0.008801 -4.199549 -0.065339 0.993546 0.092723 78.181465 0.014905 -0.091939 0.995653 1.690740 0.000000 0.000000 0.000000 1.000000
0.997755 0.066695 -0.006118 -4.188104 -0.065815 0.993305 0.094937 78.163307 0.012409 -0.094321 0.995464 1.797491 0.000000 0.000000 0.000000 1.000000
0.997717 0.067429 -0.003837 -4.171766 -0.066743 0.993065 0.096785 78.144867 0.010337 -0.096308 0.995298 1.889691 0.000000 0.000000 0.000000 1.000000
0.997692 0.067870 -0.001894 -4.155118 -0.067352 0.992841 0.098642 78.142975 0.008575 -0.098286 0.995121 1.984132 0.000000 0.000000 0.000000 1.000000
0.997693 0.067888 -0.000277 -4.130783 -0.067518 0.992665 0.100289 78.142906 0.007084 -0.100039 0.994958 2.076537 0.000000 0.000000 0.000000 1.000000
0.997700 0.067783 0.001074 -4.095897 -0.067544 0.992575 0.101153 78.147301 0.005791 -0.100993 0.994870 2.151555 0.000000 0.000000 0.000000 1.000000
0.997746 0.067065 0.002334 -4.051876 -0.066955 0.992576 0.101538 78.154915 0.004493 -0.101465 0.994829 2.217112 0.000000 0.000000 0.000000 1.000000
0.997827 0.065790 0.003681 -4.003372 -0.065822 0.992625 0.101794 78.155518 0.003044 -0.101815 0.994799 2.275619 0.000000 0.000000 0.000000 1.000000
0.997923 0.064210 0.005155 -3.957992 -0.064401 0.992688 0.102097 78.156837 0.001438 -0.102217 0.994761 2.329848 0.000000 0.000000 0.000000 1.000000
0.998009 0.062715 0.006726 -3.918021 -0.063075 0.992744 0.102374 78.150375 -0.000256 -0.102594 0.994723 2.385244 0.000000 0.000000 0.000000 1.000000
0.998043 0.061987 0.008177 -3.886056 -0.062499 0.992787 0.102317 78.135078 -0.001776 -0.102628 0.994718 2.444353 0.000000 0.000000 0.000000 1.000000
0.998044 0.061811 0.009357 -3.868773 -0.062445 0.992790 0.102320 78.124428 -0.002965 -0.102704 0.994708 2.518565 0.000000 0.000000 0.000000 1.000000
0.998024 0.062010 0.010090 -3.865114 -0.062722 0.992687 0.103142 78.119591 -0.003621 -0.103571 0.994616 2.617788 0.000000 0.000000 0.000000 1.000000
0.997992 0.062501 0.010242 -3.871891 -0.063231 0.992479 0.104819 78.118904 -0.003613 -0.105256 0.994439 2.743918 0.000000 0.000000 0.000000 1.000000
0.997970 0.062837 0.010314 -3.890228 -0.063582 0.992204 0.107185 78.129784 -0.003498 -0.107624 0.994186 2.906675 0.000000 0.000000 0.000000 1.000000
0.997944 0.063217 0.010559 -3.919870 -0.063996 0.991861 0.110070 78.145226 -0.003514 -0.110519 0.993868 3.108595 0.000000 0.000000 0.000000 1.000000
0.997901 0.063759 0.011311 -3.958624 -0.064631 0.991472 0.113165 78.147583 -0.004000 -0.113658 0.993512 3.339196 0.000000 0.000000 0.000000 1.000000
0.997805 0.064833 0.013503 -4.006077 -0.065961 0.991112 0.115526 78.125435 -0.005893 -0.116163 0.993213 3.585265 0.000000 0.000000 0.000000 1.000000
0.997586 0.067201 0.017489 -4.056765 -0.068782 0.990862 0.116021 78.077202 -0.009532 -0.116944 0.993093 3.812130 0.000000 0.000000 0.000000 1.000000
0.997252 0.070692 0.022153 -4.108908 -0.072784 0.990680 0.115131 77.998047 -0.013808 -0.116427 0.993103 3.994260 0.000000 0.000000 0.000000 1.000000
0.996793 0.076011 0.025036 -4.183602 -0.078377 0.990448 0.113447 77.902916 -0.016173 -0.115045 0.993229 4.136895 0.000000 0.000000 0.000000 1.000000
0.996528 0.079446 0.024904 -4.248753 -0.081711 0.990624 0.109488 77.865631 -0.015972 -0.111143 0.993676 4.246646 0.000000 0.000000 0.000000 1.000000
0.996953 0.074890 0.021804 -4.245965 -0.076731 0.991848 0.101735 77.928436 -0.014007 -0.103098 0.994573 4.320370 0.000000 0.000000 0.000000 1.000000
0.997527 0.068367 0.016324 -4.217340 -0.069590 0.993274 0.092545 78.041168 -0.009887 -0.093452 0.995575 4.356925 0.000000 0.000000 0.000000 1.000000
0.997932 0.063646 0.008993 -4.179012 -0.064178 0.994394 0.084038 78.155312 -0.003594 -0.084441 0.996422 4.350033 0.000000 0.000000 0.000000 1.000000
0.998288 0.058493 -0.000372 -4.113779 -0.058294 0.995387 0.076207 78.234154 0.004828 -0.076055 0.997092 4.277302 0.000000 0.000000 0.000000 1.000000
0.998390 0.055785 -0.010289 -4.049786 -0.054927 0.996012 0.070312 78.267296 0.014170 -0.069634 0.997472 4.173472 0.000000 0.000000 0.000000 1.000000
0.998262 0.055854 -0.018777 -3.998452 -0.054502 0.996321 0.066133 78.255997 0.022402 -0.064995 0.997634 4.065407 0.000000 0.000000 0.000000 1.000000
0.998123 0.056207 -0.024309 -3.962774 -0.054595 0.996546 0.062567 78.217201 0.027742 -0.061123 0.997745 3.939602 0.000000 0.000000 0.000000 1.000000
0.997975 0.058120 -0.025832 -3.946542 -0.056460 0.996547 0.060883 78.171967 0.029282 -0.059301 0.997811 3.811682 0.000000 0.000000 0.000000 1.000000
0.997937 0.059789 -0.023393 -3.935512 -0.058215 0.996314 0.062997 78.140823 0.027074 -0.061505 0.997740 3.697193 0.000000 0.000000 0.000000 1.000000
0.997990 0.060488 -0.018892 -3.930881 -0.059117 0.996053 0.066214 78.130745 0.022823 -0.064964 0.997627 3.565985 0.000000 0.000000 0.000000 1.000000
0.998188 0.058488 -0.014134 -3.921500 -0.057424 0.996124 0.066635 78.157166 0.017977 -0.065702 0.997677 3.426014 0.000000 0.000000 0.000000 1.000000
0.998454 0.054618 -0.010285 -3.906142 -0.053852 0.996499 0.063952 78.226006 0.013742 -0.063299 0.997900 3.303596 0.000000 0.000000 0.000000 1.000000
0.998636 0.051481 -0.008672 -3.885755 -0.050879 0.996943 0.059304 78.321289 0.011699 -0.058781 0.998202 3.171013 0.000000 0.000000 0.000000 1.000000
0.998714 0.049929 -0.008755 -3.849849 -0.049392 0.997346 0.053492 78.402313 0.011403 -0.052991 0.998530 3.025004 0.000000 0.000000 0.000000 1.000000
0.998764 0.048836 -0.009226 -3.811044 -0.048360 0.997761 0.046204 78.441269 0.011462 -0.045700 0.998889 2.869910 0.000000 0.000000 0.000000 1.000000
0.998843 0.047076 -0.009793 -3.782594 -0.046700 0.998276 0.035560 78.440216 0.011450 -0.035061 0.999320 2.717496 0.000000 0.000000 0.000000 1.000000
0.998955 0.044734 -0.009315 -3.768268 -0.044504 0.998731 0.023591 78.416245 0.010358 -0.023152 0.999678 2.590500 0.000000 0.000000 0.000000 1.000000
0.999083 0.042243 -0.006991 -3.776518 -0.042142 0.999013 0.014038 78.396896 0.007577 -0.013731 0.999877 2.498756 0.000000 0.000000 0.000000 1.000000
0.999179 0.040375 -0.003480 -3.802756 -0.040347 0.999155 0.007855 78.369270 0.003794 -0.007708 0.999963 2.456386 0.000000 0.000000 0.000000 1.000000
0.999216 0.039597 0.000181 -3.848269 -0.039597 0.999205 0.004659 78.349190 0.000004 -0.004663 0.999989 2.469261 0.000000 0.000000 0.000000 1.000000
0.999206 0.039658 0.003727 -3.917546 -0.039674 0.999204 0.004074 78.337112 -0.003563 -0.004219 0.999985 2.514047 0.000000 0.000000 0.000000 1.000000
0.999184 0.039899 0.006203 -3.993823 -0.039938 0.999182 0.006306 78.322227 -0.005946 -0.006549 0.999961 2.571165 0.000000 0.000000 0.000000 1.000000
0.999164 0.040024 0.008315 -4.069928 -0.040113 0.999137 0.010793 78.302483 -0.007876 -0.011118 0.999907 2.658922 0.000000 0.000000 0.000000 1.000000
0.999142 0.040052 0.010527 -4.150028 -0.040222 0.999055 0.016475 78.283730 -0.009857 -0.016885 0.999809 2.779663 0.000000 0.000000 0.000000 1.000000
0.999106 0.040252 0.012902 -4.233293 -0.040523 0.998948 0.021453 78.271614 -0.012025 -0.021956 0.999687 2.902824 0.000000 0.000000 0.000000 1.000000
0.999075 0.039837 0.016191 -4.308987 -0.040223 0.998897 0.024224 78.283913 -0.015208 -0.024853 0.999575 3.019974 0.000000 0.000000 0.000000 1.000000
0.999061 0.038299 0.020242 -4.384012 -0.038809 0.998922 0.025465 78.312866 -0.019245 -0.026226 0.999471 3.141625 0.000000 0.000000 0.000000 1.000000
0.999066 0.036220 0.023555 -4.455719 -0.036850 0.998959 0.026871 78.326759 -0.022557 -0.027714 0.999361 3.276667 0.000000 0.000000 0.000000 1.000000
0.999059 0.034844 0.025823 -4.522622 -0.035585 0.998951 0.028832 78.315544 -0.024792 -0.029724 0.999251 3.414352 0.000000 0.000000 0.000000 1.000000
0.999037 0.034435 0.027201 -4.590520 -0.035280 0.998889 0.031245 78.288490 -0.026095 -0.032175 0.999142 3.532963 0.000000 0.000000 0.000000 1.000000
0.999028 0.034178 0.027851 -4.647688 -0.035125 0.998795 0.034268 78.256973 -0.026647 -0.035213 0.999025 3.641800 0.000000 0.000000 0.000000 1.000000
0.999023 0.033993 0.028252 -4.693461 -0.035042 0.998681 0.037520 78.237839 -0.026939 -0.038473 0.998896 3.744462 0.000000 0.000000 0.000000 1.000000
0.999025 0.034157 0.027976 -4.739133 -0.035281 0.998548 0.040711 78.233383 -0.026545 -0.041658 0.998779 3.822142 0.000000 0.000000 0.000000 1.000000
0.999043 0.034100 0.027383 -4.776998 -0.035287 0.998404 0.044090 78.231300 -0.025836 -0.045014 0.998652 3.888647 0.000000 0.000000 0.000000 1.000000
0.999070 0.033548 0.027072 -4.803397 -0.034808 0.998265 0.047500 78.232849 -0.025432 -0.048398 0.998504 3.950208 0.000000 0.000000 0.000000 1.000000
0.999094 0.033090 0.026774 -4.816195 -0.034408 0.998137 0.050381 78.221207 -0.025057 -0.051257 0.998371 4.004529 0.000000 0.000000 0.000000 1.000000
0.999098 0.033258 0.026413 -4.829269 -0.034615 0.998010 0.052699 78.197617 -0.024608 -0.053566 0.998261 4.045420 0.000000 0.000000 0.000000 1.000000
0.999123 0.032902 0.025897 -4.839170 -0.034288 0.997895 0.055039 78.181129 -0.024032 -0.055878 0.998148 4.072455 0.000000 0.000000 0.000000 1.000000
0.999155 0.031663 0.026213 -4.846270 -0.033130 0.997793 0.057549 78.170135 -0.024333 -0.058369 0.997998 4.095573 0.000000 0.000000 0.000000 1.000000
0.999133 0.030957 0.027827 -4.861277 -0.032578 0.997676 0.059840 78.155739 -0.025909 -0.060695 0.997820 4.110826 0.000000 0.000000 0.000000 1.000000
0.999098 0.030790 0.029242 -4.875158 -0.032567 0.997522 0.062362 78.145828 -0.027250 -0.063258 0.997625 4.120172 0.000000 0.000000 0.000000 1.000000
0.999045 0.031270 0.030507 -4.882143 -0.033197 0.997344 0.064836 78.136299 -0.028399 -0.065787 0.997429 4.133618 0.000000 0.000000 0.000000 1.000000
0.998985 0.031464 0.032221 -4.885611 -0.033586 0.997149 0.067575 78.130417 -0.030003 -0.068588 0.997194 4.160981 0.000000 0.000000 0.000000 1.000000
0.998948 0.031473 0.033360 -4.884048 -0.033766 0.996938 0.070531 78.131508 -0.031038 -0.071584 0.996952 4.191081 0.000000 0.000000 0.000000 1.000000
0.998909 0.031782 0.034204 -4.881729 -0.034217 0.996737 0.073108 78.131111 -0.031769 -0.074199 0.996737 4.224566 0.000000 0.000000 0.000000 1.000000
0.998872 0.032093 0.035005 -4.874620 -0.034673 0.996522 0.075778 78.115677 -0.032451 -0.076907 0.996510 4.259366 0.000000 0.000000 0.000000 1.000000
0.998834 0.032716 0.035499 -4.870440 -0.035437 0.996250 0.078935 78.096222 -0.032783 -0.080101 0.996248 4.292994 0.000000 0.000000 0.000000 1.000000
0.998796 0.033543 0.035796 -4.872323 -0.036378 0.995990 0.081735 78.086510 -0.032911 -0.082939 0.996011 4.326415 0.000000 0.000000 0.000000 1.000000
0.998773 0.034108 0.035893 -4.869022 -0.037029 0.995766 0.084136 78.072014 -0.032871 -0.085361 0.995808 4.362878 0.000000 0.000000 0.000000 1.000000
0.998752 0.034799 0.035821 -4.861455 -0.037787 0.995541 0.086436 78.055069 -0.032653 -0.087682 0.995613 4.402484 0.000000 0.000000 0.000000 1.000000
0.998718 0.035845 0.035744 -4.846113 -0.038893 0.995311 0.088564 78.047333 -0.032402 -0.089841 0.995429 4.449834 0.000000 0.000000 0.000000 1.000000
0.998643 0.037371 0.036278 -4.836905 -0.040528 0.995063 0.090596 78.049271 -0.032713 -0.091944 0.995227 4.500651 0.000000 0.000000 0.000000 1.000000
0.998536 0.039322 0.037146 -4.833825 -0.042620 0.994790 0.092612 78.035744 -0.033311 -0.094060 0.995009 4.551508 0.000000 0.000000 0.000000 1.000000
0.998447 0.041131 0.037581 -4.826357 -0.044523 0.994541 0.094371 78.007950 -0.033494 -0.095898 0.994827 4.598531 0.000000 0.000000 0.000000 1.000000
0.998386 0.042191 0.038008 -4.816434 -0.045686 0.994298 0.096353 77.997276 -0.033726 -0.097934 0.994621 4.657300 0.000000 0.000000 0.000000 1.000000
0.998354 0.042707 0.038273 -4.812428 -0.046306 0.994040 0.098695 78.009766 -0.033829 -0.100305 0.994381 4.727328 0.000000 0.000000 0.000000 1.000000
0.998309 0.043702 0.038325 -4.815919 -0.047369 0.993793 0.100655 78.026993 -0.033689 -0.102301 0.994183 4.802122 0.000000 0.000000 0.000000 1.000000
0.998230 0.045126 0.038731 -4.819595 -0.048891 0.993529 0.102520 78.036308 -0.033854 -0.104232 0.993977 4.885229 0.000000 0.000000 0.000000 1.000000
0.998138 0.046260 0.039747 -4.819084 -0.050235 0.993134 0.105643 78.036720 -0.034587 -0.107443 0.993609 4.987274 0.000000 0.000000 0.000000 1.000000
0.998021 0.047088 0.041668 -4.818360 -0.051399 0.992683 0.109269 78.030807 -0.036218 -0.111194 0.993139 5.092288 0.000000 0.000000 0.000000 1.000000
0.997948 0.047064 0.043414 -4.829104 -0.051689 0.992316 0.112417 78.066765 -0.037790 -0.114430 0.992712 5.177685 0.000000 0.000000 0.000000 1.000000
0.997990 0.046280 0.043298 -4.849973 -0.051012 0.992002 0.115456 78.159630 -0.037608 -0.117433 0.992368 5.232344 0.000000 0.000000 0.000000 1.000000
0.998138 0.045051 0.041129 -4.861526 -0.049615 0.991809 0.117696 78.269974 -0.035490 -0.119517 0.992198 5.238936 0.000000 0.000000 0.000000 1.000000
0.998380 0.042968 0.037288 -4.850626 -0.047136 0.991745 0.119244 78.370720 -0.031856 -0.120809 0.992165 5.209186 0.000000 0.000000 0.000000 1.000000
0.998574 0.042104 0.032817 -4.823054 -0.045776 0.991643 0.120618 78.432083 -0.027464 -0.121948 0.992156 5.156433 0.000000 0.000000 0.000000 1.000000
0.998650 0.043488 0.028404 -4.795479 -0.046629 0.991512 0.121370 78.440102 -0.022885 -0.122530 0.992201 5.084375 0.000000 0.000000 0.000000 1.000000
0.998664 0.045352 0.024756 -4.769811 -0.048023 0.991510 0.120836 78.413261 -0.019066 -0.121863 0.992364 4.986355 0.000000 0.000000 0.000000 1.000000
0.998624 0.047087 0.023076 -4.750039 -0.049528 0.991522 0.120130 78.389008 -0.017224 -0.121108 0.992490 4.894259 0.000000 0.000000 0.000000 1.000000
0.998522 0.048887 0.023759 -4.746076 -0.051396 0.991440 0.120018 78.376633 -0.017688 -0.121062 0.992487 4.820896 0.000000 0.000000 0.000000 1.000000
0.998407 0.050233 0.025680 -4.749632 -0.052970 0.991332 0.120230 78.362839 -0.019418 -0.121399 0.992414 4.746116 0.000000 0.000000 0.000000 1.000000
0.998334 0.050989 0.027000 -4.756083 -0.053906 0.991132 0.121459 78.356071 -0.020567 -0.122713 0.992229 4.673934 0.000000 0.000000 0.000000 1.000000
0.998306 0.051406 0.027244 -4.756253 -0.054396 0.990833 0.123660 78.354446 -0.020637 -0.124932 0.991951 4.617851 0.000000 0.000000 0.000000 1.000000
0.998277 0.052028 0.027143 -4.755991 -0.055037 0.990575 0.125429 78.349182 -0.020361 -0.126707 0.991731 4.577384 0.000000 0.000000 0.000000 1.000000
0.998256 0.052882 0.026237 -4.759469 -0.055790 0.990400 0.126475 78.343948 -0.019297 -0.127718 0.991623 4.546924 0.000000 0.000000 0.000000 1.000000
0.998220 0.053975 0.025361 -4.757688 -0.056773 0.990271 0.127043 78.329704 -0.018257 -0.128256 0.991573 4.516141 0.000000 0.000000 0.000000 1.000000
0.998173 0.054630 0.025812 -4.750009 -0.057480 0.990230 0.127045 78.312325 -0.018620 -0.128296 0.991561 4.489963 0.000000 0.000000 0.000000 1.000000
0.998113 0.055062 0.027192 -4.742180 -0.058079 0.990248 0.126635 78.296371 -0.019954 -0.127976 0.991577 4.460507 0.000000 0.000000 0.000000 1.000000
0.998043 0.055451 0.028897 -4.731033 -0.058676 0.990254 0.126307 78.285507 -0.021612 -0.127756 0.991570 4.426871 0.000000 0.000000 0.000000 1.000000
0.998021 0.055172 0.030173 -4.712751 -0.058561 0.990263 0.126289 78.278580 -0.022912 -0.127806 0.991534 4.407093 0.000000 0.000000 0.000000 1.000000
0.997941 0.055998 0.031274 -4.702246 -0.059498 0.990331 0.125314 78.260460 -0.023954 -0.126916 0.991624 4.385886 0.000000 0.000000 0.000000 1.000000
0.997840 0.057192 0.032318 -4.683639 -0.060782 0.990425 0.123954 78.240166 -0.024919 -0.125650 0.991762 4.355269 0.000000 0.000000 0.000000 1.000000
0.997783 0.057740 0.033090 -4.653096 -0.061393 0.990530 0.122804 78.222572 -0.025686 -0.124563 0.991879 4.317107 0.000000 0.000000 0.000000 1.000000
0.997764 0.057951 0.033302 -4.626839 -0.061599 0.990654 0.121693 78.209007 -0.025939 -0.123473 0.992009 4.278932 0.000000 0.000000 0.000000 1.000000
0.997705 0.058927 0.033359 -4.612829 -0.062552 0.990707 0.120778 78.201859 -0.025932 -0.122588 0.992119 4.244443 0.000000 0.000000 0.000000 1.000000
0.997596 0.060951 0.032965 -4.606188 -0.064482 0.990733 0.119543 78.194656 -0.025373 -0.121381 0.992282 4.190760 0.000000 0.000000 0.000000 1.000000
0.997585 0.061917 0.031479 -4.590126 -0.065233 0.990822 0.118395 78.187897 -0.023860 -0.120162 0.992468 4.130445 0.000000 0.000000 0.000000 1.000000
0.997612 0.062545 0.029309 -4.575717 -0.065563 0.990982 0.116858 78.187584 -0.021736 -0.118500 0.992716 4.073885 0.000000 0.000000 0.000000 1.000000
0.997600 0.063531 0.027529 -4.565933 -0.066299 0.991116 0.115295 78.178940 -0.019960 -0.116844 0.992950 4.012040 0.000000 0.000000 0.000000 1.000000
0.997638 0.063844 0.025329 -4.540003 -0.066329 0.991273 0.113919 78.165230 -0.017835 -0.115330 0.993167 3.941087 0.000000 0.000000 0.000000 1.000000
0.997700 0.063796 0.022902 -4.511078 -0.065968 0.991542 0.111773 78.166199 -0.015578 -0.113027 0.993470 3.866242 0.000000 0.000000 0.000000 1.000000
0.997721 0.064297 0.020483 -4.485610 -0.066152 0.991867 0.108737 78.158394 -0.013325 -0.109844 0.993860 3.775688 0.000000 0.000000 0.000000 1.000000
0.997724 0.064890 0.018360 -4.459885 -0.066470 0.992212 0.105341 78.144463 -0.011382 -0.106322 0.994267 3.665655 0.000000 0.000000 0.000000 1.000000
0.997747 0.065195 0.015811 -4.442272 -0.066481 0.992466 0.102916 78.137436 -0.008983 -0.103735 0.994564 3.574704 0.000000 0.000000 0.000000 1.000000
0.997799 0.065045 0.012883 -4.418017 -0.066022 0.992605 0.101867 78.139870 -0.006162 -0.102493 0.994715 3.495984 0.000000 0.000000 0.000000 1.000000
0.997816 0.065291 0.010040 -4.383914 -0.065971 0.992728 0.100689 78.137367 -0.003393 -0.101132 0.994867 3.387597 0.000000 0.000000 0.000000 1.000000
0.997796 0.065930 0.007568 -4.353144 -0.066355 0.992913 0.098597 78.124451 -0.001014 -0.098882 0.995099 3.262593 0.000000 0.000000 0.000000 1.000000
0.997748 0.066726 0.006856 -4.331572 -0.067076 0.992992 0.097300 78.114021 -0.000316 -0.097541 0.995232 3.138833 0.000000 0.000000 0.000000 1.000000
0.997707 0.067263 0.007516 -4.309710 -0.067674 0.993109 0.095684 78.103622 -0.001028 -0.095973 0.995383 3.001118 0.000000 0.000000 0.000000 1.000000
0.997684 0.067605 0.007555 -4.297122 -0.068016 0.993245 0.094017 78.084511 -0.001148 -0.094313 0.995542 2.861430 0.000000 0.000000 0.000000 1.000000
0.997708 0.067366 0.006385 -4.289928 -0.067668 0.993364 0.092997 78.070389 -0.000078 -0.093216 0.995646 2.725410 0.000000 0.000000 0.000000 1.000000
0.997772 0.066499 0.005441 -4.274789 -0.066717 0.993552 0.091670 78.067291 0.000690 -0.091829 0.995775 2.593564 0.000000 0.000000 0.000000 1.000000
0.997777 0.066405 0.005635 -4.245887 -0.066643 0.993693 0.090186 78.063164 0.000389 -0.090361 0.995909 2.454445 0.000000 0.000000 0.000000 1.000000
0.997781 0.066286 0.006345 -4.211809 -0.066588 0.993716 0.089966 78.065964 -0.000341 -0.090188 0.995925 2.315187 0.000000 0.000000 0.000000 1.000000
0.997813 0.065695 0.007355 -4.179730 -0.066092 0.993647 0.091093 78.079910 -0.001324 -0.091380 0.995815 2.200903 0.000000 0.000000 0.000000 1.000000
0.997803 0.065574 0.009460 -4.152380 -0.066169 0.993517 0.092438 78.107178 -0.003337 -0.092861 0.995674 2.113012 0.000000 0.000000 0.000000 1.000000
0.997788 0.065393 0.011952 -4.125163 -0.066231 0.993342 0.094262 78.112366 -0.005709 -0.094845 0.995476 2.037287 0.000000 0.000000 0.000000 1.000000
0.997764 0.065229 0.014543 -4.102108 -0.066332 0.993118 0.096521 78.097679 -0.008147 -0.097270 0.995225 1.970108 0.000000 0.000000 0.000000 1.000000
0.997758 0.064631 0.017398 -4.078426 -0.066039 0.992924 0.098697 78.091339 -0.010896 -0.099624 0.994965 1.918105 0.000000 0.000000 0.000000 1.000000
0.997763 0.063566 0.020689 -4.055905 -0.065340 0.992739 0.100991 78.085335 -0.014119 -0.102117 0.994672 1.878788 0.000000 0.000000 0.000000 1.000000
0.997785 0.061958 0.024223 -4.039864 -0.064143 0.992582 0.103282 78.088181 -0.017644 -0.104607 0.994357 1.862519 0.000000 0.000000 0.000000 1.000000
0.997781 0.060730 0.027291 -4.037344 -0.063301 0.992336 0.106122 78.095963 -0.020637 -0.107614 0.993979 1.862548 0.000000 0.000000 0.000000 1.000000
0.997732 0.060191 0.030124 -4.041227 -0.063130 0.992077 0.108621 78.093399 -0.023348 -0.110276 0.993627 1.864896 0.000000 0.000000 0.000000 1.000000
0.997663 0.060166 0.032395 -4.054969 -0.063409 0.991827 0.110718 78.084450 -0.025468 -0.112513 0.993324 1.873932 0.000000 0.000000 0.000000 1.000000
0.997595 0.060219 0.034330 -4.074776 -0.063730 0.991598 0.112567 78.077744 -0.027263 -0.114484 0.993051 1.892061 0.000000 0.000000 0.000000 1.000000
0.997523 0.060227 0.036333 -4.095139 -0.064016 0.991396 0.114176 78.078979 -0.029144 -0.116219 0.992796 1.913984 0.000000 0.000000 0.000000 1.000000
0.997477 0.060021 0.037909 -4.121855 -0.064031 0.991257 0.115366 78.078011 -0.030653 -0.117503 0.992599 1.935399 0.000000 0.000000 0.000000 1.000000
0.997486 0.059358 0.038702 -4.146378 -0.063498 0.991171 0.116396 78.078346 -0.031452 -0.118561 0.992449 1.956317 0.000000 0.000000 0.000000 1.000000
0.997549 0.058256 0.038762 -4.161144 -0.062470 0.991013 0.118286 78.085945 -0.031523 -0.120418 0.992223 1.996424 0.000000 0.000000 0.000000 1.000000
0.997611 0.057339 0.038523 -4.169690 -0.061603 0.990790 0.120586 78.099403 -0.031254 -0.122671 0.991955 2.041989 0.000000 0.000000 0.000000 1.000000
0.997649 0.057414 0.037418 -4.180219 -0.061606 0.990532 0.122684 78.106499 -0.030020 -0.124701 0.991740 2.078856 0.000000 0.000000 0.000000 1.000000
0.997651 0.058502 0.035625 -4.195096 -0.062503 0.990297 0.124114 78.104431 -0.028019 -0.126049 0.991628 2.107606 0.000000 0.000000 0.000000 1.000000
0.997677 0.059024 0.034014 -4.210520 -0.062868 0.990034 0.126015 78.102570 -0.026237 -0.127860 0.991445 2.134693 0.000000 0.000000 0.000000 1.000000
0.997742 0.059050 0.031995 -4.222421 -0.062691 0.989749 0.128324 78.112686 -0.024090 -0.130040 0.991216 2.162679 0.000000 0.000000 0.000000 1.000000
