<?xml version="1.0" encoding="utf-8"?>
<COLLADA xmlns="http://www.collada.org/2005/11/COLLADASchema" version="1.4.1">
  <asset><contributor><author>Mixamo</author><authoring_tool>COLLADA Mixamo exporter</authoring_tool><comments></comments></contributor><created>2019-05-03T22:14:48Z</created><modified>2019-05-03T22:14:48Z</modified><revision></revision><title></title><unit meter="0.010000"/><up_axis>Y_UP</up_axis></asset>
  <library_animations>
    <animation id="Hips-anim" name="Hips"><source id="Hips-Matrix-animation-input"><float_array id="Hips-Matrix-animation-input-array" count="100">

0.000000 0.033333 0.066667 0.100000 0.133333 0.166667 0.200000 0.233333 0.266667 0.300000 0.333333 0.366667 0.400000 0.433333 0.466667 0.500000
0.533333 0.566667 0.600000 0.633333 0.666667 0.700000 0.733333 0.766667 0.800000 0.833333 0.866667 0.900000 0.933333 0.966667 1.000000 1.033333
1.066667 1.100000 1.133333 1.166667 1.200000 1.233333 1.266667 1.300000 1.333333 1.366667 1.400000 1.433333 1.466667 1.500000 1.533333 1.566667
1.600000 1.633333 1.666667 1.700000 1.733333 1.766667 1.800000 1.833333 1.866667 1.900000 1.933333 1.966667 2.000000 2.033333 2.066667 2.100000
2.133333 2.166667 2.200000 2.233333 2.266667 2.300000 2.333333 2.366667 2.400000 2.433333 2.466667 2.500000 2.533333 2.566667 2.600000 2.633333
2.666667 2.700000 2.733333 2.766667 2.800000 2.833333 2.866667 2.900000 2.933333 2.966667 3.000000 3.033333 3.066667 3.100000 3.133333 3.166667
3.200000 3.233333 3.266667 3.300000</float_array><technique_common><accessor source="#Hips-Matrix-animation-input-array" count="100"><param name="TIME" type="float"/></accessor></technique_common></source><source id="Hips-Matrix-animation-output-transform"><float_array id="Hips-Matrix-animation-output-transform-array" count="1600">

0.998059 0.058800 -0.020508 0.016621 -0.056664 0.994092 0.092573 78.382080 0.025830 -0.091231 0.995495 0.481381 0.000000 0.000000 0.000000 1.000000
0.998053 0.038331 -0.049195 0.018149 -0.034049 0.995788 0.085124 78.702209 0.052251 -0.083283 0.995155 3.140473 0.000000 0.000000 0.000000 1.000000
0.997130 0.017001 -0.073778 0.052843 -0.011555 0.997219 0.073620 79.070717 0.074824 -0.072556 0.994554 5.797834 0.000000 0.000000 0.000000 1.000000
0.995559 -0.001803 -0.094126 0.112654 0.007423 0.998207 0.059397 79.471657 0.093850 -0.059832 0.993787 8.448277 0.000000 0.000000 0.000000 1.000000
0.993770 -0.015332 -0.110388 0.192527 0.020375 0.998793 0.044702 79.842026 0.109570 -0.046673 0.992883 11.099041 0.000000 0.000000 0.000000 1.000000
0.992346 -0.023903 -0.121153 0.300714 0.027925 0.999110 0.031612 80.098427 0.120289 -0.034754 0.992130 13.803349 0.000000 0.000000 0.000000 1.000000
0.991786 -0.029074 -0.124562 0.457957 0.032017 0.999252 0.021690 80.132957 0.123838 -0.025500 0.991975 16.681767 0.000000 0.000000 0.000000 1.000000
0.992109 -0.029368 -0.121887 0.669657 0.031620 0.999362 0.016584 79.869179 0.121322 -0.020307 0.992405 19.906349 0.000000 0.000000 0.000000 1.000000
0.992441 -0.031520 -0.118607 0.926852 0.033783 0.999282 0.017123 79.559395 0.117982 -0.021001 0.992794 23.360180 0.000000 0.000000 0.000000 1.000000
0.991688 -0.038537 -0.122758 1.224996 0.041581 0.998885 0.022333 79.266502 0.121761 -0.027252 0.992185 26.905516 0.000000 0.000000 0.000000 1.000000
0.989578 -0.044982 -0.136794 1.524686 0.049669 0.998283 0.031041 78.720413 0.135163 -0.037512 0.990113 30.565556 0.000000 0.000000 0.000000 1.000000
0.986462 -0.055388 -0.154355 1.784788 0.062668 0.997121 0.042702 78.003082 0.151545 -0.051797 0.987092 34.179611 0.000000 0.000000 0.000000 1.000000
0.983169 -0.074859 -0.166659 1.982072 0.085471 0.994684 0.057431 77.370033 0.161473 -0.070709 0.984341 37.595943 0.000000 0.000000 0.000000 1.000000
0.980556 -0.096761 -0.170726 2.105464 0.110947 0.990947 0.075590 77.004601 0.161866 -0.093062 0.982415 40.793606 0.000000 0.000000 0.000000 1.000000
0.979584 -0.107659 -0.169778 2.156273 0.124963 0.987628 0.094742 76.971542 0.157478 -0.114023 0.980918 43.856022 0.000000 0.000000 0.000000 1.000000
0.980981 -0.101888 -0.165212 2.147555 0.121009 0.986525 0.110114 77.204727 0.151766 -0.128012 0.980092 46.880119 0.000000 0.000000 0.000000 1.000000
0.984517 -0.085417 -0.153067 2.088381 0.104221 0.987366 0.119359 77.577049 0.140938 -0.133464 0.980981 49.885101 0.000000 0.000000 0.000000 1.000000
0.989257 -0.066208 -0.130331 1.972930 0.082437 0.988934 0.123344 77.995430 0.120722 -0.132763 0.983768 52.833923 0.000000 0.000000 0.000000 1.000000
0.993754 -0.047856 -0.100807 1.801556 0.060219 0.990527 0.123407 78.432571 0.093947 -0.128707 0.987223 55.697838 0.000000 0.000000 0.000000 1.000000
0.996858 -0.031395 -0.072717 1.597767 0.039990 0.991976 0.119939 78.879036 0.068368 -0.122470 0.990115 58.484631 0.000000 0.000000 0.000000 1.000000
0.998472 -0.017668 -0.052368 1.393421 0.023549 0.993212 0.113914 79.272720 0.050000 -0.114973 0.992109 61.235359 0.000000 0.000000 0.000000 1.000000
0.999138 -0.006736 -0.040957 1.199755 0.011123 0.994106 0.107845 79.487846 0.039989 -0.108207 0.993324 64.012947 0.000000 0.000000 0.000000 1.000000
0.999360 0.002257 -0.035709 0.992018 0.001469 0.994579 0.103978 79.423363 0.035750 -0.103964 0.993938 66.896774 0.000000 0.000000 0.000000 1.000000
0.999439 0.008378 -0.032424 0.731939 -0.005014 0.994724 0.102460 79.114540 0.033111 -0.102240 0.994209 70.019974 0.000000 0.000000 0.000000 1.000000
0.999555 0.010687 -0.027846 0.407732 -0.007789 0.994738 0.102159 78.623596 0.028791 -0.101896 0.994378 73.491371 0.000000 0.000000 0.000000 1.000000
0.999680 0.014038 -0.021027 0.050267 -0.011791 0.994569 0.103410 78.160545 0.022364 -0.103129 0.994417 77.217369 0.000000 0.000000 0.000000 1.000000
0.999672 0.023061 -0.011146 -0.319803 -0.021721 0.993886 0.108251 77.773697 0.013575 -0.107973 0.994061 81.039352 0.000000 0.000000 0.000000 1.000000
0.999125 0.041818 0.001128 -0.695912 -0.041664 0.992300 0.116644 77.448570 0.003758 -0.116589 0.993173 84.748886 0.000000 0.000000 0.000000 1.000000
0.997534 0.069044 0.012621 -1.040982 -0.070082 0.989663 0.125126 77.183731 -0.003852 -0.125702 0.992061 88.184074 0.000000 0.000000 0.000000 1.000000
0.995260 0.094911 0.021182 -1.288747 -0.096866 0.986802 0.129764 77.023590 -0.008587 -0.131201 0.991319 91.334503 0.000000 0.000000 0.000000 1.000000
0.993818 0.107314 0.028459 -1.414510 -0.110094 0.985662 0.127866 77.037186 -0.014329 -0.130209 0.991383 94.296021 0.000000 0.000000 0.000000 1.000000
0.994131 0.102458 0.034726 -1.460628 -0.105901 0.987245 0.118882 77.254868 -0.022103 -0.121862 0.992301 97.170105 0.000000 0.000000 0.000000 1.000000
0.995652 0.086616 0.034278 -1.472842 -0.089778 0.990395 0.105153 77.620308 -0.024841 -0.107773 0.993865 100.023476 0.000000 0.000000 0.000000 1.000000
0.997498 0.067468 0.021137 -1.445518 -0.069116 0.993487 0.090592 78.024940 -0.014887 -0.091827 0.995664 102.888885 0.000000 0.000000 0.000000 1.000000
0.998876 0.047289 -0.003287 -1.346511 -0.046892 0.995874 0.077694 78.395668 0.006947 -0.077452 0.996972 105.773941 0.000000 0.000000 0.000000 1.000000
0.999193 0.024772 -0.031625 -1.171990 -0.022679 0.997635 0.064881 78.738853 0.033157 -0.064111 0.997392 108.670502 0.000000 0.000000 0.000000 1.000000
0.998340 0.000718 -0.057584 -0.954179 0.002141 0.998768 0.049576 79.094101 0.057549 -0.049617 0.997109 111.563972 0.000000 0.000000 0.000000 1.000000
0.996642 -0.019982 -0.079403 -0.726985 0.022710 0.999177 0.033603 79.448441 0.078666 -0.035293 0.996276 114.454880 0.000000 0.000000 0.000000 1.000000
0.994681 -0.032697 -0.097672 -0.495638 0.034985 0.999150 0.021808 79.715668 0.096876 -0.025109 0.994980 117.394920 0.000000 0.000000 0.000000 1.000000
0.992917 -0.038115 -0.112526 -0.230196 0.040227 0.999053 0.016566 79.781151 0.111788 -0.020975 0.993511 120.488876 0.000000 0.000000 0.000000 1.000000
0.991738 -0.035558 -0.123254 0.113185 0.037800 0.999159 0.015896 79.492912 0.122585 -0.020424 0.992248 123.963425 0.000000 0.000000 0.000000 1.000000
0.990939 -0.035683 -0.129485 0.544052 0.038190 0.999127 0.016929 79.068321 0.128768 -0.021721 0.991437 127.752373 0.000000 0.000000 0.000000 1.000000
0.989853 -0.048997 -0.133379 1.038362 0.052148 0.998434 0.020230 78.757172 0.132179 -0.026981 0.990859 131.585464 0.000000 0.000000 0.000000 1.000000
0.987878 -0.072722 -0.137145 1.543342 0.077418 0.996571 0.029217 78.471397 0.134550 -0.039480 0.990120 135.345123 0.000000 0.000000 0.000000 1.000000
0.985225 -0.099399 -0.139470 2.000657 0.106590 0.993282 0.045054 78.052452 0.134054 -0.059254 0.989201 138.972641 0.000000 0.000000 0.000000 1.000000
0.982482 -0.124548 -0.138623 2.391626 0.134387 0.988860 0.064000 77.633789 0.129108 -0.081508 0.988275 142.362228 0.000000 0.000000 0.000000 1.000000
0.980716 -0.140853 -0.135484 2.715697 0.152607 0.984992 0.080632 77.359421 0.122093 -0.099753 0.987493 145.540710 0.000000 0.000000 0.000000 1.000000
0.981117 -0.142478 -0.130800 2.970358 0.155216 0.983498 0.092950 77.279053 0.115398 -0.111497 0.987042 148.615265 0.000000 0.000000 0.000000 1.000000
0.983890 -0.131269 -0.121362 3.152510 0.144069 0.984140 0.103500 77.362228 0.105851 -0.119317 0.987198 151.661591 0.000000 0.000000 0.000000 1.000000
0.988129 -0.114059 -0.102911 3.260427 0.125677 0.985438 0.114531 77.542366 0.088349 -0.126105 0.988075 154.690613 0.000000 0.000000 0.000000 1.000000
0.992459 -0.095802 -0.076462 3.297834 0.104780 0.986779 0.123649 77.776733 0.063605 -0.130728 0.989376 157.678574 0.000000 0.000000 0.000000 1.000000
0.995783 -0.077836 -0.048549 3.286442 0.083396 0.988568 0.125610 78.064758 0.038217 -0.129129 0.990891 160.597839 0.000000 0.000000 0.000000 1.000000
0.997827 -0.060669 -0.025700 3.256046 0.063304 0.990923 0.118596 78.411514 0.018271 -0.119965 0.992610 163.431046 0.000000 0.000000 0.000000 1.000000
0.998923 -0.045107 -0.010865 3.218522 0.046017 0.993108 0.107790 78.769180 0.005928 -0.108174 0.994114 166.191025 0.000000 0.000000 0.000000 1.000000
0.999500 -0.031374 -0.003977 3.168296 0.031615 0.994435 0.100495 79.022133 0.000801 -0.100570 0.994930 168.944138 0.000000 0.000000 0.000000 1.000000
0.999805 -0.019451 -0.003327 3.094710 0.019684 0.994906 0.098867 79.076408 0.001387 -0.098913 0.995095 171.813477 0.000000 0.000000 0.000000 1.000000
0.999942 -0.009058 -0.005799 2.978834 0.009590 0.994990 0.099511 78.924065 0.004869 -0.099561 0.995020 174.946167 0.000000 0.000000 0.000000 1.000000
0.999941 -0.005954 -0.009045 2.794804 0.006823 0.995038 0.099259 78.554504 0.008409 -0.099315 0.995021 178.584473 0.000000 0.000000 0.000000 1.000000
0.999944 -0.001518 -0.010473 2.575984 0.002557 0.994991 0.099936 78.313545 0.010269 -0.099957 0.994939 182.524643 0.000000 0.000000 0.000000 1.000000
0.999918 0.011259 -0.006119 2.350349 -0.010552 0.994378 0.105360 78.158859 0.007271 -0.105287 0.994415 186.509506 0.000000 0.000000 0.000000 1.000000
0.999434 0.033212 0.005376 2.128284 -0.033610 0.992759 0.115330 77.913445 -0.001507 -0.115445 0.993313 190.318604 0.000000 0.000000 0.000000 1.000000
0.998144 0.057805 0.019151 1.924695 -0.059756 0.990322 0.125264 77.678139 -0.011724 -0.126176 0.991939 193.854095 0.000000 0.000000 0.000000 1.000000
0.996481 0.078313 0.029875 1.780395 -0.081549 0.988203 0.129636 77.521591 -0.019371 -0.131616 0.991112 197.089493 0.000000 0.000000 0.000000 1.000000
0.995538 0.087570 0.035150 1.728209 -0.091330 0.987864 0.125629 77.470406 -0.023722 -0.128279 0.991454 200.117050 0.000000 0.000000 0.000000 1.000000
0.995870 0.084504 0.033189 1.755447 -0.087813 0.989382 0.115808 77.532417 -0.023051 -0.118244 0.992717 203.051544 0.000000 0.000000 0.000000 1.000000
0.997031 0.074165 0.020725 1.833837 -0.075953 0.991470 0.105921 77.681747 -0.012692 -0.107181 0.994159 205.973602 0.000000 0.000000 0.000000 1.000000
0.998164 0.060478 -0.003239 1.957398 -0.059863 0.993306 0.098788 77.869720 0.009192 -0.098413 0.995103 208.917831 0.000000 0.000000 0.000000 1.000000
0.998536 0.042401 -0.033597 2.124084 -0.039145 0.994966 0.092250 78.073967 0.037339 -0.090800 0.995169 211.879990 0.000000 0.000000 0.000000 1.000000
0.997839 0.018711 -0.062980 2.312629 -0.013445 0.996457 0.083024 78.315651 0.064310 -0.081998 0.994555 214.841736 0.000000 0.000000 0.000000 1.000000
0.996078 -0.006308 -0.088254 2.495398 0.012604 0.997399 0.070962 78.608192 0.087576 -0.071796 0.993567 217.794556 0.000000 0.000000 0.000000 1.000000
0.993568 -0.025154 -0.110405 2.659913 0.031868 0.997721 0.059475 78.910210 0.108657 -0.062611 0.992106 220.757294 0.000000 0.000000 0.000000 1.000000
0.990975 -0.035177 -0.129348 2.816837 0.042256 0.997732 0.052393 79.137970 0.127212 -0.057386 0.990214 223.772690 0.000000 0.000000 0.000000 1.000000
0.988948 -0.041685 -0.142282 2.999766 0.049268 0.997523 0.050197 79.220085 0.139837 -0.056652 0.988553 226.899719 0.000000 0.000000 0.000000 1.000000
0.987779 -0.048347 -0.148170 3.260345 0.056229 0.997191 0.049472 79.139496 0.145362 -0.057199 0.987724 230.286331 0.000000 0.000000 0.000000 1.000000
0.986900 -0.057534 -0.150727 3.615951 0.065353 0.996734 0.047446 78.865479 0.147505 -0.056674 0.987436 234.081482 0.000000 0.000000 0.000000 1.000000
0.985229 -0.070017 -0.156276 4.044624 0.078036 0.995899 0.045775 78.456207 0.152430 -0.057294 0.986652 238.183502 0.000000 0.000000 0.000000 1.000000
0.981639 -0.090623 -0.167849 4.493049 0.100028 0.993805 0.048438 78.097061 0.162420 -0.064339 0.984622 242.235245 0.000000 0.000000 0.000000 1.000000
0.976493 -0.115184 -0.182190 4.889071 0.127568 0.990148 0.057742 77.653191 0.173744 -0.079627 0.981566 246.121979 0.000000 0.000000 0.000000 1.000000
0.971466 -0.137392 -0.193330 5.182734 0.153922 0.985369 0.073182 77.186600 0.180446 -0.100852 0.978401 249.779892 0.000000 0.000000 0.000000 1.000000
0.968670 -0.149491 -0.198322 5.364493 0.170068 0.981217 0.091046 76.875710 0.180986 -0.121922 0.975899 253.251038 0.000000 0.000000 0.000000 1.000000
0.969219 -0.148298 -0.196525 5.462734 0.171293 0.979542 0.105619 76.838196 0.176841 -0.136031 0.974794 256.625732 0.000000 0.000000 0.000000 1.000000
0.972841 -0.138088 -0.185776 5.510188 0.161120 0.980195 0.115142 77.051109 0.166197 -0.141947 0.975823 259.953705 0.000000 0.000000 0.000000 1.000000
0.978620 -0.124330 -0.163844 5.492246 0.145495 0.981531 0.124206 77.393234 0.145375 -0.145389 0.978636 263.233459 0.000000 0.000000 0.000000 1.000000
0.985209 -0.107826 -0.133178 5.359633 0.125965 0.982630 0.136275 77.751678 0.116171 -0.151035 0.981678 266.460266 0.000000 0.000000 0.000000 1.000000
0.991043 -0.087428 -0.100942 5.109678 0.101798 0.983834 0.147334 78.093063 0.086429 -0.156290 0.983923 269.635284 0.000000 0.000000 0.000000 1.000000
0.995100 -0.065539 -0.074029 4.812819 0.076086 0.985747 0.150047 78.442307 0.063140 -0.154944 0.985903 272.739288 0.000000 0.000000 0.000000 1.000000
0.997337 -0.047500 -0.055350 4.537047 0.054971 0.988283 0.142390 78.793129 0.047938 -0.145053 0.988262 275.754517 0.000000 0.000000 0.000000 1.000000
0.998384 -0.036187 -0.043823 4.281172 0.041587 0.990726 0.129353 79.058846 0.038736 -0.130967 0.990630 278.734833 0.000000 0.000000 0.000000 1.000000
0.998909 -0.029815 -0.035929 3.993322 0.033825 0.992585 0.116750 79.135796 0.032182 -0.117838 0.992511 281.827667 0.000000 0.000000 0.000000 1.000000
0.999277 -0.025822 -0.027907 3.628975 0.028644 0.993955 0.105981 78.954376 0.025001 -0.106704 0.993976 285.223694 0.000000 0.000000 0.000000 1.000000
0.999423 -0.027641 -0.019718 3.189200 0.029392 0.995057 0.094860 78.491493 0.016999 -0.095385 0.995295 289.135681 0.000000 0.000000 0.000000 1.000000
0.999691 -0.021184 -0.013016 2.708790 0.022205 0.996215 0.084034 78.247406 0.011187 -0.084298 0.996378 293.165649 0.000000 0.000000 0.000000 1.000000
0.999971 0.001668 -0.007389 2.210181 -0.001075 0.996834 0.079510 78.063972 0.007498 -0.079499 0.996807 297.001556 0.000000 0.000000 0.000000 1.000000
0.999364 0.035656 -0.000974 1.710588 -0.035442 0.995705 0.085527 77.895660 0.004019 -0.085438 0.996335 300.611176 0.000000 0.000000 0.000000 1.000000
0.997545 0.069685 0.006961 1.231648 -0.070032 0.992656 0.098636 77.788177 -0.000037 -0.098881 0.995099 304.012085 0.000000 0.000000 0.000000 1.000000
0.995638 0.091607 0.017676 0.804848 -0.093005 0.989514 0.110511 77.765831 -0.007367 -0.111673 0.993718 307.234589 0.000000 0.000000 0.000000 1.000000
0.995022 0.095759 0.027608 0.455170 -0.098319 0.988500 0.114900 77.841507 -0.016288 -0.117042 0.992993 310.357147 0.000000 0.000000 0.000000 1.000000
0.995817 0.087055 0.027754 0.198368 -0.089628 0.989720 0.111450 77.998756 -0.017766 -0.113472 0.993382 313.441864 0.000000 0.000000 0.000000 1.000000
0.997226 0.073552 0.011398 0.049055 -0.074338 0.991870 0.103284 78.193565 -0.003708 -0.103845 0.994587 316.513000 0.000000 0.000000 0.000000 1.000000
0.998058 0.058815 -0.020503 0.016668 -0.056680 0.994091 0.092572 78.381409 0.025827 -0.091231 0.995495 319.557922 0.000000 0.000000 0.000000 1.000000</float_array><technique_common><accessor source="#Hips-Matrix-animation-output-transform-array" count="100" stride="16"><param type="float4x4"/></accessor></technique_common></source><source id="Hips-Interpolations"><Name_array id="Hips-Interpolations-array" count="100">
 LINEAR LINEAR LINEAR LINEAR LINEAR LINEAR LINEAR LINEAR LINEAR LINEAR LINEAR
LINEAR LINEAR LINEAR LINEAR LINEAR LINEAR LINEAR LINEAR LINEAR LINEAR LINEAR LINEAR
LINEAR LINEAR LINEAR LINEAR LINEAR LINEAR LINEAR LINEAR LINEAR LINEAR LINEAR LINEAR
LINEAR LINEAR LINEAR LINEAR LINEAR LINEAR LINEAR LINEAR LINEAR LINEAR LINEAR LINEAR
LINEAR LINEAR LINEAR LINEAR LINEAR LINEAR LINEAR LINEAR LINEAR LINEAR LINEAR LINEAR
LINEAR LINEAR LINEAR LINEAR LINEAR LINEAR LINEAR LINEAR LINEAR LINEAR LINEAR LINEAR
LINEAR LINEAR LINEAR LINEAR LINEAR LINEAR LINEAR LINEAR LINEAR LINEAR LINEAR LINEAR
LINEAR LINEAR LINEAR LINEAR LINEAR LINEAR LINEAR LINEAR LINEAR LINEAR LINEAR LINEAR
LINEAR LINEAR LINEAR LINEAR LINEAR</Name_array><technique_common><accessor source="#Hips-Interpolations-array" count="100"><param type="name"/></accessor></technique_common></source><sampler id="Hips-Matrix-animation-transform"><input semantic="INPUT" source="#Hips-Matrix-animation-input"/><input semantic="OUTPUT" source="#Hips-Matrix-animation-output-transform"/><input semantic="INTERPOLATION" source="#Hips-Interpolations"/></sampler><channel source="#Hips-Matrix-animation-transform" target="Hips/matrix"/></animation>
    <animation id="Spine-anim" name="Spine"><source id="Spine-Matrix-animation-input"><float_array id="Spine-Matrix-animation-input-array" count="100">

0.000000 0.033333 0.066667 0.100000 0.133333 0.166667 0.200000 0.233333 0.266667 0.300000 0.333333 0.366667 0.400000 0.433333 0.466667 0.500000
0.533333 0.566667 0.600000 0.633333 0.666667 0.700000 0.733333 0.766667 0.800000 0.833333 0.866667 0.900000 0.933333 0.966667 1.000000 1.033333
1.066667 1.100000 1.133333 1.166667 1.200000 1.233333 1.266667 1.300000 1.333333 1.366667 1.400000 1.433333 1.466667 1.500000 1.533333 1.566667
1.600000 1.633333 1.666667 1.700000 1.733333 1.766667 1.800000 1.833333 1.866667 1.900000 1.933333 1.966667 2.000000 2.033333 2.066667 2.100000
2.133333 2.166667 2.200000 2.233333 2.266667 2.300000 2.333333 2.366667 2.400000 2.433333 2.466667 2.500000 2.533333 2.566667 2.600000 2.633333
2.666667 2.700000 2.733333 2.766667 2.800000 2.833333 2.866667 2.900000 2.933333 2.966667 3.000000 3.033333 3.066667 3.100000 3.133333 3.166667
3.200000 3.233333 3.266667 3.300000</float_array><technique_common><accessor source="#Spine-Matrix-animation-input-array" count="100"><param name="TIME" type="float"/></accessor></technique_common></source><source id="Spine-Matrix-animation-output-transform"><float_array id="Spine-Matrix-animation-output-transform-array" count="1600">

0.999591 -0.028494 -0.002602 0.009000 0.028373 0.998854 -0.038548 7.062600 0.003697 0.038458 0.999253 -0.984700 0.000000 0.000000 0.000000 1.000000
0.999747 -0.021554 0.006419 0.009000 0.021788 0.999005 -0.038924 7.062600 -0.005574 0.039054 0.999222 -0.984700 0.000000 0.000000 0.000000 1.000000
0.999803 -0.013638 0.014403 0.009000 0.014182 0.999163 -0.038382 7.062600 -0.013868 0.038578 0.999159 -0.984700 0.000000 0.000000 0.000000 1.000000
0.999762 -0.005853 0.021001 0.009000 0.006629 0.999290 -0.037095 7.062600 -0.020769 0.037226 0.999091 -0.984700 0.000000 0.000000 0.000000 1.000000
0.999664 0.000657 0.025900 0.009000 0.000262 0.999371 -0.035463 7.062600 -0.025907 0.035458 0.999035 -0.984700 0.000000 0.000000 0.000000 1.000000
0.999574 0.005661 0.028623 0.009000 -0.004694 0.999419 -0.033744 7.062600 -0.028798 0.033595 0.999021 -0.984700 0.000000 0.000000 0.000000 1.000000
0.999533 0.008734 0.029293 0.009000 -0.007798 0.999461 -0.031902 7.062600 -0.029556 0.031659 0.999062 -0.984700 0.000000 0.000000 0.000000 1.000000
0.999553 0.006585 0.029176 0.009000 -0.005713 0.999537 -0.029873 7.062600 -0.029360 0.029692 0.999128 -0.984700 0.000000 0.000000 0.000000 1.000000
0.999554 0.005407 0.029361 0.009000 -0.004589 0.999602 -0.027847 7.062600 -0.029500 0.027700 0.999181 -0.984700 0.000000 0.000000 0.000000 1.000000
0.999465 0.008987 0.031432 0.009000 -0.008175 0.999632 -0.025881 7.062600 -0.031653 0.025610 0.999171 -0.984700 0.000000 0.000000 0.000000 1.000000
0.999326 0.011969 0.034713 0.009000 -0.011126 0.999641 -0.024379 7.062600 -0.034992 0.023976 0.999100 -0.984700 0.000000 0.000000 0.000000 1.000000
0.999218 0.015909 0.036187 0.009000 -0.015026 0.999586 -0.024519 7.062600 -0.036562 0.023956 0.999044 -0.984700 0.000000 0.000000 0.000000 1.000000
0.999143 0.023421 0.034120 0.009000 -0.022496 0.999376 -0.027247 7.062600 -0.034737 0.026456 0.999046 -0.984700 0.000000 0.000000 0.000000 1.000000
0.999037 0.032602 0.029356 0.009000 -0.031654 0.998980 -0.032203 7.062600 -0.030376 0.031243 0.999050 -0.984700 0.000000 0.000000 0.000000 1.000000
0.998952 0.039163 0.023692 0.009000 -0.038258 0.998564 -0.037512 7.062600 -0.025127 0.036566 0.999015 -0.984700 0.000000 0.000000 0.000000 1.000000
0.999016 0.040664 0.017713 0.009000 -0.039906 0.998352 -0.041242 7.062600 -0.019361 0.040494 0.998992 -0.984700 0.000000 0.000000 0.000000 1.000000
0.999209 0.038248 0.010873 0.009000 -0.037746 0.998356 -0.043125 7.062600 -0.012504 0.042681 0.999011 -0.984700 0.000000 0.000000 0.000000 1.000000
0.999416 0.034034 0.002954 0.009000 -0.033871 0.998447 -0.044228 7.062600 -0.004455 0.044102 0.999017 -0.984700 0.000000 0.000000 0.000000 1.000000
0.999562 0.029122 -0.005182 0.009000 -0.029328 0.998537 -0.045424 7.062600 0.003852 0.045556 0.998954 -0.984700 0.000000 0.000000 0.000000 1.000000
0.999641 0.023884 -0.012177 0.009000 -0.024428 0.998611 -0.046679 7.062600 0.011046 0.046960 0.998836 -0.984700 0.000000 0.000000 0.000000 1.000000
0.999682 0.018493 -0.017156 0.009000 -0.019292 0.998681 -0.047592 7.062600 0.016253 0.047908 0.998719 -0.984700 0.000000 0.000000 0.000000 1.000000
0.999717 0.012700 -0.020138 0.009000 -0.013654 0.998755 -0.047984 7.062600 0.019504 0.048245 0.998645 -0.984700 0.000000 0.000000 0.000000 1.000000
0.999743 0.006428 -0.021740 0.009000 -0.007461 0.998831 -0.047755 7.062600 0.021408 0.047905 0.998622 -0.984700 0.000000 0.000000 0.000000 1.000000
0.999737 0.002017 -0.022845 0.009000 -0.003077 0.998915 -0.046472 7.062600 0.022726 0.046531 0.998658 -0.984700 0.000000 0.000000 0.000000 1.000000
0.999710 0.001444 -0.024046 0.009000 -0.002492 0.999045 -0.043618 7.062600 0.023960 0.043665 0.998759 -0.984700 0.000000 0.000000 0.000000 1.000000
0.999691 0.000879 -0.024837 0.009000 -0.001863 0.999213 -0.039634 7.062600 0.024783 0.039668 0.998906 -0.984700 0.000000 0.000000 0.000000 1.000000
0.999669 -0.002018 -0.025647 0.009000 0.001089 0.999345 -0.036184 7.062600 0.025704 0.036144 0.999016 -0.984700 0.000000 0.000000 0.000000 1.000000
0.999605 -0.008519 -0.026781 0.009000 0.007580 0.999359 -0.035000 7.062600 0.027062 0.034783 0.999028 -0.984700 0.000000 0.000000 0.000000 1.000000
0.999452 -0.018149 -0.027700 0.009000 0.017135 0.999191 -0.036385 7.062600 0.028338 0.035890 0.998954 -0.984700 0.000000 0.000000 0.000000 1.000000
0.999226 -0.028015 -0.027624 0.009000 0.026928 0.998876 -0.038996 7.062600 0.028686 0.038222 0.998857 -0.984700 0.000000 0.000000 0.000000 1.000000
0.999056 -0.034552 -0.026331 0.009000 0.033457 0.998601 -0.040959 7.062600 0.027710 0.040040 0.998814 -0.984700 0.000000 0.000000 0.000000 1.000000
0.999068 -0.036163 -0.023551 0.009000 0.035171 0.998530 -0.041248 7.062600 0.025008 0.040381 0.998871 -0.984700 0.000000 0.000000 0.000000 1.000000
0.999250 -0.033930 -0.018648 0.009000 0.033160 0.998642 -0.040171 7.062600 0.019986 0.039523 0.999019 -0.984700 0.000000 0.000000 0.000000 1.000000
0.999494 -0.029617 -0.011589 0.009000 0.029146 0.998817 -0.038923 7.062600 0.012728 0.038566 0.999175 -0.984700 0.000000 0.000000 0.000000 1.000000
0.999713 -0.023701 -0.003363 0.009000 0.023555 0.998985 -0.038387 7.062600 0.004269 0.038297 0.999257 -0.984700 0.000000 0.000000 0.000000 1.000000
0.999865 -0.015722 0.004687 0.009000 0.015889 0.999148 -0.038082 7.062600 -0.004084 0.038151 0.999264 -0.984700 0.000000 0.000000 0.000000 1.000000
0.999915 -0.006037 0.011535 0.009000 0.006461 0.999291 -0.037087 7.062600 -0.011303 0.037158 0.999245 -0.984700 0.000000 0.000000 0.000000 1.000000
0.999854 0.003554 0.016740 0.009000 -0.002955 0.999359 -0.035667 7.062600 -0.016856 0.035613 0.999223 -0.984700 0.000000 0.000000 0.000000 1.000000
0.999729 0.011295 0.020335 0.009000 -0.010583 0.999338 -0.034794 7.062600 -0.020715 0.034569 0.999188 -0.984700 0.000000 0.000000 0.000000 1.000000
0.999594 0.017131 0.022783 0.009000 -0.016339 0.999271 -0.034511 7.062600 -0.023358 0.034124 0.999145 -0.984700 0.000000 0.000000 0.000000 1.000000
0.999565 0.015954 0.024822 0.009000 -0.015118 0.999323 -0.033546 7.062600 -0.025340 0.033157 0.999129 -0.984700 0.000000 0.000000 0.000000 1.000000
0.999561 0.013593 0.026313 0.009000 -0.012772 0.999434 -0.031107 7.062600 -0.026721 0.030757 0.999170 -0.984700 0.000000 0.000000 0.000000 1.000000
0.999439 0.018491 0.027932 0.009000 -0.017703 0.999446 -0.028184 7.062600 -0.028438 0.027674 0.999212 -0.984700 0.000000 0.000000 0.000000 1.000000
0.999129 0.028536 0.030456 0.009000 -0.027716 0.999251 -0.027014 7.062600 -0.031204 0.026146 0.999171 -0.984700 0.000000 0.000000 0.000000 1.000000
0.998742 0.038162 0.032516 0.009000 -0.037219 0.998882 -0.029139 7.062600 -0.033592 0.027892 0.999046 -0.984700 0.000000 0.000000 0.000000 1.000000
0.998382 0.046606 0.032567 0.009000 -0.045500 0.998389 -0.033901 7.062600 -0.034094 0.032365 0.998894 -0.984700 0.000000 0.000000 0.000000 1.000000
0.998160 0.052490 0.030369 0.009000 -0.051289 0.997920 -0.039061 7.062600 -0.032357 0.037432 0.998775 -0.984700 0.000000 0.000000 0.000000 1.000000
0.998177 0.054338 0.026259 0.009000 -0.053179 0.997659 -0.042995 7.062600 -0.028534 0.041521 0.998730 -0.984700 0.000000 0.000000 0.000000 1.000000
0.998403 0.052695 0.020355 0.009000 -0.051718 0.997609 -0.045848 7.062600 -0.022722 0.044722 0.998741 -0.984700 0.000000 0.000000 0.000000 1.000000
0.998703 0.049255 0.012929 0.009000 -0.048575 0.997641 -0.048500 7.062600 -0.015287 0.047809 0.998739 -0.984700 0.000000 0.000000 0.000000 1.000000
0.998976 0.044977 0.004904 0.009000 -0.044669 0.997696 -0.051057 7.062600 -0.007189 0.050786 0.998684 -0.984700 0.000000 0.000000 0.000000 1.000000
0.999206 0.039763 -0.002626 0.009000 -0.039847 0.997814 -0.052712 7.062600 0.000524 0.052775 0.998606 -0.984700 0.000000 0.000000 0.000000 1.000000
0.999396 0.033555 -0.009045 0.009000 -0.033989 0.998013 -0.053055 7.062600 0.007247 0.053331 0.998551 -0.984700 0.000000 0.000000 0.000000 1.000000
0.999543 0.026700 -0.014171 0.009000 -0.027416 0.998220 -0.052964 7.062600 0.012731 0.053328 0.998496 -0.984700 0.000000 0.000000 0.000000 1.000000
0.999653 0.019354 -0.017866 0.009000 -0.020284 0.998367 -0.053410 7.062600 0.016804 0.053754 0.998413 -0.984700 0.000000 0.000000 0.000000 1.000000
0.999729 0.012001 -0.019957 0.009000 -0.013061 0.998461 -0.053890 7.062600 0.019280 0.054136 0.998347 -0.984700 0.000000 0.000000 0.000000 1.000000
0.999761 0.005433 -0.021164 0.009000 -0.006547 0.998577 -0.052918 7.062600 0.020846 0.053044 0.998375 -0.984700 0.000000 0.000000 0.000000 1.000000
0.999736 0.006905 -0.021936 0.009000 -0.007988 0.998733 -0.049678 7.062600 0.021565 0.049841 0.998524 -0.984700 0.000000 0.000000 0.000000 1.000000
0.999714 0.009185 -0.022092 0.009000 -0.010180 0.998918 -0.045388 7.062600 0.021651 0.045599 0.998725 -0.984700 0.000000 0.000000 0.000000 1.000000
0.999717 0.006143 -0.022995 0.009000 -0.007108 0.999087 -0.042118 7.062600 0.022715 0.042269 0.998848 -0.984700 0.000000 0.000000 0.000000 1.000000
0.999670 -0.002578 -0.025545 0.009000 0.001522 0.999146 -0.041284 7.062600 0.025630 0.041232 0.998821 -0.984700 0.000000 0.000000 0.000000 1.000000
0.999542 -0.011851 -0.027842 0.009000 0.010656 0.999032 -0.042680 7.062600 0.028321 0.042364 0.998701 -0.984700 0.000000 0.000000 0.000000 1.000000
0.999401 -0.020066 -0.028210 0.009000 0.018798 0.998833 -0.044485 7.062600 0.029070 0.043928 0.998612 -0.984700 0.000000 0.000000 0.000000 1.000000
0.999326 -0.025772 -0.026131 0.009000 0.024585 0.998695 -0.044776 7.062600 0.027251 0.044103 0.998655 -0.984700 0.000000 0.000000 0.000000 1.000000
0.999362 -0.028412 -0.021635 0.009000 0.027448 0.998671 -0.043623 7.062600 0.022845 0.043001 0.998814 -0.984700 0.000000 0.000000 0.000000 1.000000
0.999486 -0.028336 -0.015019 0.009000 0.027673 0.998707 -0.042639 7.062600 0.016208 0.042202 0.998978 -0.984700 0.000000 0.000000 0.000000 1.000000
0.999641 -0.025773 -0.007264 0.009000 0.025441 0.998766 -0.042652 7.062600 0.008354 0.042452 0.999064 -0.984700 0.000000 0.000000 0.000000 1.000000
0.999795 -0.020267 0.000266 0.009000 0.020259 0.998869 -0.043007 7.062600 0.000606 0.043004 0.999075 -0.984700 0.000000 0.000000 0.000000 1.000000
0.999908 -0.011675 0.006925 0.009000 0.011961 0.999010 -0.042845 7.062600 -0.006418 0.042924 0.999058 -0.984700 0.000000 0.000000 0.000000 1.000000
0.999915 -0.001530 0.012969 0.009000 0.002076 0.999109 -0.042149 7.062600 -0.012893 0.042172 0.999027 -0.984700 0.000000 0.000000 0.000000 1.000000
0.999797 0.007600 0.018658 0.009000 -0.006818 0.999111 -0.041607 7.062600 -0.018957 0.041472 0.998960 -0.984700 0.000000 0.000000 0.000000 1.000000
0.999611 0.014837 0.023599 0.009000 -0.013842 0.999031 -0.041781 7.062600 -0.024196 0.041438 0.998848 -0.984700 0.000000 0.000000 0.000000 1.000000
0.999396 0.021728 0.027113 0.009000 -0.020569 0.998893 -0.042305 7.062600 -0.028002 0.041722 0.998737 -0.984700 0.000000 0.000000 0.000000 1.000000
0.999225 0.025958 0.029575 0.009000 -0.024714 0.998825 -0.041688 7.062600 -0.030623 0.040925 0.998693 -0.984700 0.000000 0.000000 0.000000 1.000000
0.999125 0.026992 0.031941 0.009000 -0.025748 0.998918 -0.038739 7.062600 -0.032952 0.037883 0.998739 -0.984700 0.000000 0.000000 0.000000 1.000000
0.999019 0.026713 0.035312 0.009000 -0.025509 0.999092 -0.034121 7.062600 -0.036192 0.033186 0.998794 -0.984700 0.000000 0.000000 0.000000 1.000000
0.998712 0.031752 0.039570 0.009000 -0.030560 0.999071 -0.030376 7.062600 -0.040497 0.029128 0.998755 -0.984700 0.000000 0.000000 0.000000 1.000000
0.998300 0.039204 0.043125 0.009000 -0.037941 0.998838 -0.029729 7.062600 -0.044240 0.028043 0.998627 -0.984700 0.000000 0.000000 0.000000 1.000000
0.997965 0.046280 0.043868 0.009000 -0.044871 0.998461 -0.032577 7.062600 -0.045308 0.030543 0.998506 -0.984700 0.000000 0.000000 0.000000 1.000000
0.997857 0.050823 0.041208 0.009000 -0.049307 0.998097 -0.037022 7.062600 -0.043012 0.034910 0.998464 -0.984700 0.000000 0.000000 0.000000 1.000000
0.998011 0.051996 0.035658 0.009000 -0.050547 0.997905 -0.040380 7.062600 -0.037683 0.038497 0.998548 -0.984700 0.000000 0.000000 0.000000 1.000000
0.998317 0.050858 0.027884 0.009000 -0.049663 0.997884 -0.041975 7.062600 -0.029959 0.040519 0.998729 -0.984700 0.000000 0.000000 0.000000 1.000000
0.998628 0.048888 0.018780 0.009000 -0.048031 0.997892 -0.043651 7.062600 -0.020874 0.042689 0.998870 -0.984700 0.000000 0.000000 0.000000 1.000000
0.998898 0.045946 0.009570 0.009000 -0.045451 0.997870 -0.046802 7.062600 -0.011700 0.046316 0.998858 -0.984700 0.000000 0.000000 0.000000 1.000000
0.999168 0.040756 0.001445 0.009000 -0.040632 0.997908 -0.050296 7.062600 -0.003492 0.050195 0.998733 -0.984700 0.000000 0.000000 0.000000 1.000000
0.999436 0.033227 -0.004829 0.009000 -0.033433 0.998091 -0.051936 7.062600 0.003094 0.052068 0.998639 -0.984700 0.000000 0.000000 0.000000 1.000000
0.999647 0.024901 -0.009269 0.009000 -0.025342 0.998375 -0.051033 7.062600 0.007983 0.051250 0.998654 -0.984700 0.000000 0.000000 0.000000 1.000000
0.999772 0.017262 -0.012558 0.009000 -0.017855 0.998652 -0.048735 7.062600 0.011700 0.048948 0.998733 -0.984700 0.000000 0.000000 0.000000 1.000000
0.999825 0.010818 -0.015263 0.009000 -0.011511 0.998872 -0.046076 7.062600 0.014747 0.046244 0.998821 -0.984700 0.000000 0.000000 0.000000 1.000000
0.999823 0.006625 -0.017623 0.009000 -0.007370 0.999067 -0.042554 7.062600 0.017324 0.042676 0.998939 -0.984700 0.000000 0.000000 0.000000 1.000000
0.999768 0.010638 -0.018753 0.009000 -0.011325 0.999254 -0.036920 7.062600 0.018346 0.037124 0.999142 -0.984700 0.000000 0.000000 0.000000 1.000000
0.999776 0.010712 -0.018261 0.009000 -0.011260 0.999481 -0.030173 7.062600 0.017928 0.030372 0.999378 -0.984700 0.000000 0.000000 0.000000 1.000000
0.999835 0.001220 -0.018130 0.009000 -0.001686 0.999668 -0.025708 7.062600 0.018093 0.025735 0.999505 -0.984700 0.000000 0.000000 0.000000 1.000000
0.999731 -0.012325 -0.019659 0.009000 0.011809 0.999588 -0.026153 7.062600 0.019973 0.025914 0.999465 -0.984700 0.000000 0.000000 0.000000 1.000000
0.999472 -0.024730 -0.021091 0.009000 0.024074 0.999236 -0.030801 7.062600 0.021837 0.030277 0.999303 -0.984700 0.000000 0.000000 0.000000 1.000000
0.999214 -0.033054 -0.021885 0.009000 0.032243 0.998816 -0.036434 7.062600 0.023063 0.035700 0.999096 -0.984700 0.000000 0.000000 0.000000 1.000000
0.999133 -0.035910 -0.021076 0.009000 0.035045 0.998581 -0.040094 7.062600 0.022486 0.039320 0.998974 -0.984700 0.000000 0.000000 0.000000 1.000000
0.999245 -0.034734 -0.017378 0.009000 0.033998 0.998581 -0.040986 7.062600 0.018777 0.040364 0.999009 -0.984700 0.000000 0.000000 0.000000 1.000000
0.999433 -0.031906 -0.010745 0.009000 0.031452 0.998701 -0.040087 7.062600 0.012010 0.039726 0.999138 -0.984700 0.000000 0.000000 0.000000 1.000000
0.999590 -0.028510 -0.002606 0.009000 0.028389 0.998853 -0.038548 7.062600 0.003702 0.038458 0.999253 -0.984700 0.000000 0.000000 0.000000 1.000000</float_array><technique_common><accessor source="#Spine-Matrix-animation-output-transform-array" count="100" stride="16"><param type="float4x4"/></accessor></technique_common></source><source id="Spine-Interpolations"><Name_array id="Spine-Interpolations-array" count="100">
 LINEAR LINEAR LINEAR LINEAR LINEAR LINEAR LINEAR LINEAR LINEAR LINEAR LINEAR
LINEAR LINEAR LINEAR LINEAR LINEAR LINEAR LINEAR LINEAR LINEAR LINEAR LINEAR LINEAR
LINEAR LINEAR LINEAR LINEAR LINEAR LINEAR LINEAR LINEAR LINEAR LINEAR LINEAR LINEAR
LINEAR LINEAR LINEAR LINEAR LINEAR LINEAR LINEAR LINEAR LINEAR LINEAR LINEAR LINEAR
LINEAR LINEAR LINEAR LINEAR LINEAR LINEAR LINEAR LINEAR LINEAR LINEAR LINEAR LINEAR
LINEAR LINEAR LINEAR LINEAR LINEAR LINEAR LINEAR LINEAR LINEAR LINEAR LINEAR LINEAR
LINEAR LINEAR LINEAR LINEAR LINEAR LINEAR LINEAR LINEAR LINEAR LINEAR LINEAR LINEAR
LINEAR LINEAR LINEAR LINEAR LINEAR LINEAR LINEAR LINEAR LINEAR LINEAR LINEAR LINEAR
LINEAR LINEAR LINEAR LINEAR LINEAR</Name_array><technique_common><accessor source="#Spine-Interpolations-array" count="100"><param type="name"/></accessor></technique_common></source><sampler id="Spine-Matrix-animation-transform"><input semantic="INPUT" source="#Spine-Matrix-animation-input"/><input semantic="OUTPUT" source="#Spine-Matrix-animation-output-transform"/><input semantic="INTERPOLATION" source="#Spine-Interpolations"/></sampler><channel source="#Spine-Matrix-animation-transform" target="Spine/matrix"/></animation>
    <animation id="Spine1-anim" name="Spine1"><source id="Spine1-Matrix-animation-input"><float_array id="Spine1-Matrix-animation-input-array" count="100">

0.000000 0.033333 0.066667 0.100000 0.133333 0.166667 0.200000 0.233333 0.266667 0.300000 0.333333 0.366667 0.400000 0.433333 0.466667 0.500000
0.533333 0.566667 0.600000 0.633333 0.666667 0.700000 0.733333 0.766667 0.800000 0.833333 0.866667 0.900000 0.933333 0.966667 1.000000 1.033333
1.066667 1.100000 1.133333 1.166667 1.200000 1.233333 1.266667 1.300000 1.333333 1.366667 1.400000 1.433333 1.466667 1.500000 1.533333 1.566667
1.600000 1.633333 1.666667 1.700000 1.733333 1.766667 1.800000 1.833333 1.866667 1.900000 1.933333 1.966667 2.000000 2.033333 2.066667 2.100000
2.133333 2.166667 2.200000 2.233333 2.266667 2.300000 2.333333 2.366667 2.400000 2.433333 2.466667 2.500000 2.533333 2.566667 2.600000 2.633333
2.666667 2.700000 2.733333 2.766667 2.800000 2.833333 2.866667 2.900000 2.933333 2.966667 3.000000 3.033333 3.066667 3.100000 3.133333 3.166667
3.200000 3.233333 3.266667 3.300000</float_array><technique_common><accessor source="#Spine1-Matrix-animation-input-array" count="100"><param name="TIME" type="float"/></accessor></technique_common></source><source id="Spine1-Matrix-animation-output-transform"><float_array id="Spine1-Matrix-animation-output-transform-array" count="1600">

0.999991 -0.003391 0.002587 0.012400 0.003580 0.997025 -0.076999 8.239700 -0.002318 0.077007 0.997028 -1.148800 0.000000 0.000000 0.000000 1.000000
0.999850 0.004683 0.016697 0.012400 -0.003364 0.996936 -0.078154 8.239700 -0.017012 0.078086 0.996802 -1.148800 0.000000 0.000000 0.000000 1.000000
0.999501 0.012261 0.029096 0.012400 -0.009978 0.996954 -0.077345 8.239700 -0.029956 0.077017 0.996580 -1.148800 0.000000 0.000000 0.000000 1.000000
0.999049 0.017721 0.039839 0.012400 -0.014700 0.997084 -0.074877 8.239700 -0.041049 0.074220 0.996397 -1.148800 0.000000 0.000000 0.000000 1.000000
0.998607 0.019770 0.048923 0.012400 -0.016240 0.997306 -0.071527 8.239700 -0.050205 0.070633 0.996238 -1.148800 0.000000 0.000000 0.000000 1.000000
0.998288 0.018527 0.055477 0.012400 -0.014745 0.997588 -0.067833 8.239700 -0.056600 0.066899 0.996153 -1.148800 0.000000 0.000000 0.000000 1.000000
0.998184 0.015333 0.058248 0.012400 -0.011602 0.997892 -0.063852 8.239700 -0.059104 0.063060 0.996258 -1.148800 0.000000 0.000000 0.000000 1.000000
0.998251 0.011921 0.057903 0.012400 -0.008453 0.998176 -0.059780 8.239700 -0.058510 0.059186 0.996531 -1.148800 0.000000 0.000000 0.000000 1.000000
0.998277 0.009454 0.057907 0.012400 -0.006225 0.998428 -0.055701 8.239700 -0.058343 0.055245 0.996767 -1.148800 0.000000 0.000000 0.000000 1.000000
0.998100 0.008012 0.061090 0.012400 -0.004865 0.998662 -0.051487 8.239700 -0.061421 0.051092 0.996803 -1.148800 0.000000 0.000000 0.000000 1.000000
0.997811 0.008239 0.065612 0.012400 -0.005073 0.998821 -0.048272 8.239700 -0.065932 0.047833 0.996677 -1.148800 0.000000 0.000000 0.000000 1.000000
0.997713 0.013155 0.066305 0.012400 -0.009945 0.998773 -0.048517 8.239700 -0.066862 0.047747 0.996619 -1.148800 0.000000 0.000000 0.000000 1.000000
0.997886 0.024718 0.060107 0.012400 -0.021472 0.998307 -0.054065 8.239700 -0.061342 0.052660 0.996727 -1.148800 0.000000 0.000000 0.000000 1.000000
0.998088 0.038056 0.048700 0.012400 -0.034902 0.997336 -0.064051 8.239700 -0.051007 0.062228 0.996758 -1.148800 0.000000 0.000000 0.000000 1.000000
0.998386 0.044108 0.035765 0.012400 -0.041345 0.996355 -0.074615 8.239700 -0.038926 0.073016 0.996571 -1.148800 0.000000 0.000000 0.000000 1.000000
0.998964 0.039218 0.023065 0.012400 -0.037206 0.995938 -0.082001 8.239700 -0.026188 0.081058 0.996365 -1.148800 0.000000 0.000000 0.000000 1.000000
0.999559 0.027946 0.010075 0.012400 -0.026980 0.995943 -0.085844 8.239700 -0.012434 0.085534 0.996258 -1.148800 0.000000 0.000000 0.000000 1.000000
0.999854 0.016690 -0.003537 0.012400 -0.016938 0.995948 -0.088318 8.239700 0.002049 0.088365 0.996086 -1.148800 0.000000 0.000000 0.000000 1.000000
