<?xml version="1.0" encoding="utf-8"?>
<COLLADA xmlns="http://www.collada.org/2005/11/COLLADASchema" version="1.4.1">
  <asset><contributor><author>Mixamo</author><authoring_tool>COLLADA Mixamo exporter</authoring_tool><comments></comments></contributor><created>2019-05-04T22:54:24Z</created><modified>2019-05-04T22:54:24Z</modified><revision></revision><title></title><unit meter="0.010000"/><up_axis>Y_UP</up_axis></asset>
  <library_animations>
    <animation id="mixamorig_Hips-anim" name="mixamorig_Hips"><source id="mixamorig_Hips-Matrix-animation-input"><float_array id="mixamorig_Hips-Matrix-animation-input-array" count="17">

0.000000 0.033333 0.066667 0.100000 0.133333 0.166667 0.200000 0.233333 0.266667 0.300000 0.333333 0.366667 0.400000 0.433333 0.466667 0.500000
0.533333</float_array><technique_common><accessor source="#mixamorig_Hips-Matrix-animation-input-array" count="17"><param name="TIME" type="float"/></accessor></technique_common></source><source id="mixamorig_Hips-Matrix-animation-output-transform"><float_array id="mixamorig_Hips-Matrix-animation-output-transform-array" count="272">

0.984220 0.122080 -0.128094 0.724070 -0.141562 0.977554 -0.156040 77.158508 0.106170 0.171711 0.979410 1.150057 0.000000 0.000000 0.000000 1.000000
0.989294 0.071403 -0.127276 0.326506 -0.091424 0.983014 -0.159138 78.495232 0.113751 0.169070 0.979018 21.702366 0.000000 0.000000 0.000000 1.000000
0.994314 0.028539 -0.102590 -0.243161 -0.045688 0.984571 -0.168919 81.796021 0.096186 0.172645 0.980276 39.523132 0.000000 0.000000 0.000000 1.000000
0.998156 0.011580 -0.059578 -0.453661 -0.021899 0.984221 -0.175581 83.691498 0.056605 0.176562 0.982661 56.124187 0.000000 0.000000 0.000000 1.000000
0.999630 -0.011656 0.024567 -0.446074 0.015789 0.984368 -0.175416 83.832779 -0.022138 0.175739 0.984188 73.064308 0.000000 0.000000 0.000000 1.000000
0.993353 -0.034803 0.109720 -0.293791 0.053970 0.982750 -0.176889 82.992371 -0.101671 0.181635 0.978096 90.445374 0.000000 0.000000 0.000000 1.000000
0.986982 -0.071901 0.143862 -0.045990 0.098829 0.976833 -0.189814 81.626900 -0.126881 0.201561 0.971223 106.142677 0.000000 0.000000 0.000000 1.000000
0.979332 -0.133720 0.151750 0.139478 0.163635 0.964803 -0.205863 78.876991 -0.118881 0.226440 0.966743 123.045189 0.000000 0.000000 0.000000 1.000000
0.981174 -0.106379 0.161187 0.135558 0.138955 0.968493 -0.206671 78.388153 -0.134123 0.225178 0.965042 143.967270 0.000000 0.000000 0.000000 1.000000
0.984691 -0.038715 0.169954 0.696477 0.073167 0.976770 -0.201413 79.751427 -0.158209 0.210764 0.964649 164.187439 0.000000 0.000000 0.000000 1.000000
0.988429 0.019393 0.150439 1.137361 0.011926 0.978787 -0.204531 82.115410 -0.151215 0.203958 0.967231 182.460922 0.000000 0.000000 0.000000 1.000000
0.993022 0.042583 0.109973 1.051914 -0.019593 0.979145 -0.202216 83.589706 -0.116291 0.198650 0.973147 199.499969 0.000000 0.000000 0.000000 1.000000
0.996690 0.042478 0.069311 0.804025 -0.029201 0.982790 -0.182405 83.411514 -0.075867 0.179778 0.980777 216.810318 0.000000 0.000000 0.000000 1.000000
0.998981 0.042348 0.015605 0.653226 -0.039242 0.985824 -0.163131 82.363426 -0.022292 0.162352 0.986481 234.311340 0.000000 0.000000 0.000000 1.000000
0.995929 0.069942 -0.056873 0.602260 -0.078209 0.984131 -0.159276 80.731117 0.044830 0.163075 0.985595 252.122452 0.000000 0.000000 0.000000 1.000000
0.986498 0.123305 -0.107782 0.817984 -0.139252 0.977929 -0.155766 78.330200 0.086196 0.168672 0.981896 270.302307 0.000000 0.000000 0.000000 1.000000
0.984254 0.121515 -0.128368 0.737809 -0.141044 0.977634 -0.156006 77.195847 0.106540 0.171655 0.979379 291.562439 0.000000 0.000000 0.000000 1.000000</float_array><technique_common><accessor source="#mixamorig_Hips-Matrix-animation-output-transform-array" count="17" stride="16"><param type="float4x4"/></accessor></technique_common></source><source id="mixamorig_Hips-Interpolations"><Name_array id="mixamorig_Hips-Interpolations-array" count="17">
 LINEAR LINEAR LINEAR LINEAR LINEAR LINEAR LINEAR LINEAR LINEAR LINEAR LINEAR
LINEAR LINEAR LINEAR LINEAR LINEAR LINEAR</Name_array><technique_common><accessor source="#mixamorig_Hips-Interpolations-array" count="17"><param type="name"/></accessor></technique_common></source><sampler id="mixamorig_Hips-Matrix-animation-transform"><input semantic="INPUT" source="#mixamorig_Hips-Matrix-animation-input"/><input semantic="OUTPUT" source="#mixamorig_Hips-Matrix-animation-output-transform"/><input semantic="INTERPOLATION" source="#mixamorig_Hips-Interpolations"/></sampler><channel source="#mixamorig_Hips-Matrix-animation-transform" target="mixamorig_Hips/matrix"/></animation>
    <animation id="mixamorig_Spine-anim" name="mixamorig_Spine"><source id="mixamorig_Spine-Matrix-animation-input"><float_array id="mixamorig_Spine-Matrix-animation-input-array" count="17">

0.000000 0.033333 0.066667 0.100000 0.133333 0.166667 0.200000 0.233333 0.266667 0.300000 0.333333 0.366667 0.400000 0.433333 0.466667 0.500000
0.533333</float_array><technique_common><accessor source="#mixamorig_Spine-Matrix-animation-input-array" count="17"><param name="TIME" type="float"/></accessor></technique_common></source><source id="mixamorig_Spine-Matrix-animation-output-transform"><float_array id="mixamorig_Spine-Matrix-animation-output-transform-array" count="272">

0.977151 -0.148059 0.152494 0.005100 0.166115 0.979570 -0.113349 8.712000 -0.132597 0.136091 0.981783 -0.691000 0.000000 0.000000 0.000000 1.000000
0.968418 -0.105293 0.226007 0.005100 0.112953 0.993374 -0.021192 8.712000 -0.222278 0.046051 0.973895 -0.691000 0.000000 0.000000 0.000000 1.000000
0.955253 -0.064693 0.288629 0.005100 0.066357 0.997788 0.004027 8.712000 -0.288251 0.015306 0.957433 -0.691000 0.000000 0.000000 0.000000 1.000000
0.954143 -0.039583 0.296723 0.005100 0.046682 0.998767 -0.016877 8.712000 -0.295689 0.029954 0.954814 -0.691000 0.000000 0.000000 0.000000 1.000000
0.976137 0.020562 0.216181 0.005100 -0.005263 0.997455 -0.071108 8.712000 -0.217093 0.068273 0.973760 -0.691000 0.000000 0.000000 0.000000 1.000000
0.991246 0.091632 0.095054 0.005100 -0.079136 0.988638 -0.127799 8.712000 -0.105685 0.119158 0.987235 -0.691000 0.000000 0.000000 0.000000 1.000000
0.989647 0.143099 -0.011015 0.005100 -0.142893 0.975225 -0.168869 8.712000 -0.013423 0.168695 0.985577 -0.691000 0.000000 0.000000 0.000000 1.000000
0.976441 0.182611 -0.114961 0.005100 -0.200458 0.964838 -0.170013 8.712000 0.079873 0.189052 0.978713 -0.691000 0.000000 0.000000 0.000000 1.000000
0.965622 0.138345 -0.220079 0.005100 -0.171022 0.975690 -0.137041 8.712000 0.195770 0.169968 0.965808 -0.691000 0.000000 0.000000 0.000000 1.000000
0.951118 0.062387 -0.302462 0.005100 -0.097325 0.990028 -0.101841 8.712000 0.293092 0.126300 0.947705 -0.691000 0.000000 0.000000 0.000000 1.000000
0.947994 -0.007280 -0.318205 0.005100 -0.019828 0.996446 -0.081869 8.712000 0.317670 0.083921 0.944480 -0.691000 0.000000 0.000000 0.000000 1.000000
0.957657 -0.038929 -0.285267 0.005100 0.020902 0.997603 -0.065967 8.712000 0.287151 0.057211 0.956175 -0.691000 0.000000 0.000000 0.000000 1.000000
0.971375 -0.050941 -0.232027 0.005100 0.034249 0.996564 -0.075412 8.712000 0.235071 0.065306 0.969782 -0.691000 0.000000 0.000000 0.000000 1.000000
0.985956 -0.067616 -0.152703 0.005100 0.047868 0.990426 -0.129482 8.712000 0.159996 0.120354 0.979753 -0.691000 0.000000 0.000000 0.000000 1.000000
0.993913 -0.101157 -0.043640 0.005100 0.091161 0.977580 -0.189810 8.712000 0.061862 0.184677 0.980850 -0.691000 0.000000 0.000000 0.000000 1.000000
0.986513 -0.148813 0.068174 0.005100 0.159260 0.968822 -0.189789 8.712000 -0.037805 0.198086 0.979455 -0.691000 0.000000 0.000000 0.000000 1.000000
0.977209 -0.147460 0.152702 0.005100 0.165554 0.979656 -0.113431 8.712000 -0.132869 0.136127 0.981741 -0.691000 0.000000 0.000000 0.000000 1.000000</float_array><technique_common><accessor source="#mixamorig_Spine-Matrix-animation-output-transform-array" count="17" stride="16"><param type="float4x4"/></accessor></technique_common></source><source id="mixamorig_Spine-Interpolations"><Name_array id="mixamorig_Spine-Interpolations-array" count="17">
 LINEAR LINEAR LINEAR LINEAR LINEAR LINEAR LINEAR LINEAR LINEAR LINEAR LINEAR
LINEAR LINEAR LINEAR LINEAR LINEAR LINEAR</Name_array><technique_common><accessor source="#mixamorig_Spine-Interpolations-array" count="17"><param type="name"/></accessor></technique_common></source><sampler id="mixamorig_Spine-Matrix-animation-transform"><input semantic="INPUT" source="#mixamorig_Spine-Matrix-animation-input"/><input semantic="OUTPUT" source="#mixamorig_Spine-Matrix-animation-output-transform"/><input semantic="INTERPOLATION" source="#mixamorig_Spine-Interpolations"/></sampler><channel source="#mixamorig_Spine-Matrix-animation-transform" target="mixamorig_Spine/matrix"/></animation>
    <animation id="mixamorig_Spine1-anim" name="mixamorig_Spine1"><source id="mixamorig_Spine1-Matrix-animation-input"><float_array id="mixamorig_Spine1-Matrix-animation-input-array" count="17">

0.000000 0.033333 0.066667 0.100000 0.133333 0.166667 0.200000 0.233333 0.266667 0.300000 0.333333 0.366667 0.400000 0.433333 0.466667 0.500000
0.533333</float_array><technique_common><accessor source="#mixamorig_Spine1-Matrix-animation-input-array" count="17"><param name="TIME" type="float"/></accessor></technique_common></source><source id="mixamorig_Spine1-Matrix-animation-output-transform"><float_array id="mixamorig_Spine1-Matrix-animation-output-transform-array" count="272">

0.999653 0.018118 0.019145 -0.009200 -0.018043 0.999829 -0.004056 8.660300 -0.019216 0.003709 0.999808 -1.275000 0.000000 0.000000 0.000000 1.000000
0.999221 0.028291 0.027511 -0.009200 -0.026660 0.997963 -0.057951 8.660300 -0.029094 0.057173 0.997940 -1.275000 0.000000 0.000000 0.000000 1.000000
0.998663 0.035923 0.037182 -0.009200 -0.033161 0.996824 -0.072397 8.660300 -0.039664 0.071067 0.996683 -1.275000 0.000000 0.000000 0.000000 1.000000
0.998585 0.032836 0.041820 -0.009200 -0.030672 0.998208 -0.051376 8.660300 -0.043432 0.050021 0.997803 -1.275000 0.000000 0.000000 0.000000 1.000000
0.999442 0.007365 0.032574 -0.009200 -0.006750 0.999798 -0.018933 8.660300 -0.032707 0.018703 0.999290 -1.275000 0.000000 0.000000 0.000000 1.000000
0.999472 -0.028913 0.014842 -0.009200 0.028508 0.999233 0.026845 8.660300 -0.015607 -0.026407 0.999529 -1.275000 0.000000 0.000000 0.000000 1.000000
0.999057 -0.043373 -0.001922 -0.009200 0.043396 0.996252 0.074829 8.660300 -0.001331 -0.074842 0.997195 -1.275000 0.000000 0.000000 0.000000 1.000000
0.999236 -0.034910 -0.017591 -0.009200 0.036474 0.994490 0.098278 8.660300 0.014063 -0.098845 0.995004 -1.275000 0.000000 0.000000 0.000000 1.000000
0.999055 -0.025090 -0.035504 -0.009200 0.028150 0.995678 0.088508 8.660300 0.033130 -0.089424 0.995442 -1.275000 0.000000 0.000000 0.000000 1.000000
0.998436 -0.027300 -0.048787 -0.009200 0.029368 0.998678 0.042185 8.660300 0.047571 -0.043552 0.997918 -1.275000 0.000000 0.000000 0.000000 1.000000
0.998353 -0.026449 -0.050915 -0.009200 0.026729 0.999631 0.004813 8.660300 0.050768 -0.006166 0.998691 -1.275000 0.000000 0.000000 0.000000 1.000000
0.998736 -0.022980 -0.044710 -0.009200 0.022221 0.999602 -0.017388 8.660300 0.045092 0.016372 0.998849 -1.275000 0.000000 0.000000 0.000000 1.000000
0.999208 -0.018340 -0.035322 -0.009200 0.017389 0.999483 -0.027028 8.660300 0.035799 0.026392 0.999010 -1.275000 0.000000 0.000000 0.000000 1.000000
0.999723 -0.003360 -0.023284 -0.009200 0.003053 0.999908 -0.013196 8.660300 0.023326 0.013121 0.999642 -1.275000 0.000000 0.000000 0.000000 1.000000
0.999903 0.011087 -0.008416 -0.009200 -0.010943 0.999796 0.016950 8.660300 0.008602 -0.016856 0.999821 -1.275000 0.000000 0.000000 0.000000 1.000000
0.999854 0.015609 0.006976 -0.009200 -0.015805 0.999453 0.029038 8.660300 -0.006519 -0.029144 0.999554 -1.275000 0.000000 0.000000 0.000000 1.000000
0.999653 0.018118 0.019145 -0.009200 -0.018043 0.999829 -0.004055 8.660300 -0.019216 0.003709 0.999808 -1.275000 0.000000 0.000000 0.000000 1.000000</float_array><technique_common><accessor source="#mixamorig_Spine1-Matrix-animation-output-transform-array" count="17" stride="16"><param type="float4x4"/></accessor></technique_common></source><source id="mixamorig_Spine1-Interpolations"><Name_array id="mixamorig_Spine1-Interpolations-array" count="17">
 LINEAR LINEAR LINEAR LINEAR LINEAR LINEAR LINEAR LINEAR LINEAR LINEAR LINEAR
LINEAR LINEAR LINEAR LINEAR LINEAR LINEAR</Name_array><technique_common><accessor source="#mixamorig_Spine1-Interpolations-array" count="17"><param type="name"/></accessor></technique_common></source><sampler id="mixamorig_Spine1-Matrix-animation-transform"><input semantic="INPUT" source="#mixamorig_Spine1-Matrix-animation-input"/><input semantic="OUTPUT" source="#mixamorig_Spine1-Matrix-animation-output-transform"/><input semantic="INTERPOLATION" source="#mixamorig_Spine1-Interpolations"/></sampler><channel source="#mixamorig_Spine1-Matrix-animation-transform" target="mixamorig_Spine1/matrix"/></animation>
    <animation id="mixamorig_Spine2-anim" name="mixamorig_Spine2"><source id="mixamorig_Spine2-Matrix-animation-input"><float_array id="mixamorig_Spine2-Matrix-animation-input-array" count="17">

0.000000 0.033333 0.066667 0.100000 0.133333 0.166667 0.200000 0.233333 0.266667 0.300000 0.333333 0.366667 0.400000 0.433333 0.466667 0.500000
0.533333</float_array><technique_common><accessor source="#mixamorig_Spine2-Matrix-animation-input-array" count="17"><param name="TIME" type="float"/></accessor></technique_common></source><source id="mixamorig_Spine2-Matrix-animation-output-transform"><float_array id="mixamorig_Spine2-Matrix-animation-output-transform-array" count="272">

0.999497 0.024861 0.019699 0.006300 -0.024758 0.999679 -0.005422 9.852500 -0.019827 0.004932 0.999791 -1.857000 0.000000 0.000000 0.000000 1.000000
0.998848 0.036995 0.030574 0.006300 -0.035090 0.997541 -0.060672 9.852500 -0.032743 0.059529 0.997689 -1.857000 0.000000 0.000000 0.000000 1.000000
0.998150 0.044236 0.041702 0.006300 -0.040958 0.996233 -0.076435 9.852500 -0.044926 0.074585 0.996202 -1.857000 0.000000 0.000000 0.000000 1.000000
0.998320 0.037663 0.044020 0.006300 -0.035297 0.997952 -0.053344 9.852500 -0.045938 0.051700 0.997605 -1.857000 0.000000 0.000000 0.000000 1.000000
0.999398 0.008202 0.033712 0.006300 -0.007601 0.999811 -0.017898 9.852500 -0.033852 0.017631 0.999271 -1.857000 0.000000 0.000000 0.000000 1.000000
0.999262 -0.034791 0.016270 0.006300 0.034331 0.999025 0.027742 9.852500 -0.017220 -0.027163 0.999483 -1.857000 0.000000 0.000000 0.000000 1.000000
0.998589 -0.053084 -0.001287 0.006300 0.053036 0.995913 0.073103 9.852500 -0.002599 -0.073068 0.997324 -1.857000 0.000000 0.000000 0.000000 1.000000
0.999031 -0.040106 -0.018145 0.006300 0.041645 0.994660 0.094426 9.852500 0.014261 -0.095090 0.995367 -1.857000 0.000000 0.000000 0.000000 1.000000
0.999036 -0.027421 -0.034269 0.006300 0.029940 0.996710 0.075314 9.852500 0.032091 -0.076268 0.996571 -1.857000 0.000000 0.000000 0.000000 1.000000
0.998492 -0.034789 -0.042478 0.006300 0.035469 0.999253 0.015350 9.852500 0.041913 -0.016834 0.998979 -1.857000 0.000000 0.000000 0.000000 1.000000
0.998540 -0.031904 -0.043593 0.006300 0.030743 0.999162 -0.027039 9.852500 0.044419 0.025659 0.998683 -1.857000 0.000000 0.000000 0.000000 1.000000
0.998916 -0.023065 -0.040422 0.006300 0.021194 0.998711 -0.046131 9.852500 0.041434 0.045225 0.998117 -1.857000 0.000000 0.000000 0.000000 1.000000
0.999311 -0.014193 -0.034301 0.006300 0.012630 0.998891 -0.045349 9.852500 0.034907 0.044885 0.998382 -1.857000 0.000000 0.000000 0.000000 1.000000
0.999717 -0.000104 -0.023771 0.006300 -0.000328 0.999835 -0.018168 9.852500 0.023769 0.018171 0.999552 -1.857000 0.000000 0.000000 0.000000 1.000000
0.999874 0.013250 -0.008738 0.006300 -0.013085 0.999741 0.018624 9.852500 0.008983 -0.018507 0.999788 -1.857000 0.000000 0.000000 0.000000 1.000000
0.999777 0.019927 0.006962 0.006300 -0.020124 0.999364 0.029442 9.852500 -0.006371 -0.029575 0.999542 -1.857000 0.000000 0.000000 0.000000 1.000000
0.999497 0.024861 0.019699 0.006300 -0.024758 0.999679 -0.005422 9.852500 -0.019827 0.004932 0.999791 -1.857000 0.000000 0.000000 0.000000 1.000000</float_array><technique_common><accessor source="#mixamorig_Spine2-Matrix-animation-output-transform-array" count="17" stride="16"><param type="float4x4"/></accessor></technique_common></source><source id="mixamorig_Spine2-Interpolations"><Name_array id="mixamorig_Spine2-Interpolations-array" count="17">
 LINEAR LINEAR LINEAR LINEAR LINEAR LINEAR LINEAR LINEAR LINEAR LINEAR LINEAR
LINEAR LINEAR LINEAR LINEAR LINEAR LINEAR</Name_array><technique_common><accessor source="#mixamorig_Spine2-Interpolations-array" count="17"><param type="name"/></accessor></technique_common></source><sampler id="mixamorig_Spine2-Matrix-animation-transform"><input semantic="INPUT" source="#mixamorig_Spine2-Matrix-animation-input"/><input semantic="OUTPUT" source="#mixamorig_Spine2-Matrix-animation-output-transform"/><input semantic="INTERPOLATION" source="#mixamorig_Spine2-Interpolations"/></sampler><channel source="#mixamorig_Spine2-Matrix-animation-transform" target="mixamorig_Spine2/matrix"/></animation>
    <animation id="mixamorig_Neck-anim" name="mixamorig_Neck"><source id="mixamorig_Neck-Matrix-animation-input"><float_array id="mixamorig_Neck-Matrix-animation-input-array" count="17">

0.000000 0.033333 0.066667 0.100000 0.133333 0.166667 0.200000 0.233333 0.266667 0.300000 0.333333 0.366667 0.400000 0.433333 0.466667 0.500000
0.533333</float_array><technique_common><accessor source="#mixamorig_Neck-Matrix-animation-input-array" count="17"><param name="TIME" type="float"/></accessor></technique_common></source><source id="mixamorig_Neck-Matrix-animation-output-transform"><float_array id="mixamorig_Neck-Matrix-animation-output-transform-array" count="272">

0.999831 0.010106 -0.015345 0.016300 -0.012585 0.985159 -0.171184 11.420800 0.013387 0.171348 0.985120 -0.263300 0.000000 0.000000 0.000000 1.000000
0.999046 -0.027690 -0.033761 0.016300 0.021873 0.986563 -0.161911 11.420800 0.037791 0.161018 0.986228 -0.263300 0.000000 0.000000 0.000000 1.000000
0.996461 -0.065302 -0.052929 0.016300 0.055864 0.984959 -0.163507 11.420800 0.062810 0.159972 0.985121 -0.263300 0.000000 0.000000 0.000000 1.000000
0.996584 -0.055012 -0.061603 0.016300 0.044400 0.985787 -0.162026 11.420800 0.069640 0.158737 0.984862 -0.263300 0.000000 0.000000 0.000000 1.000000
0.998565 -0.005098 -0.053317 0.016300 -0.003180 0.988062 -0.154023 11.420800 0.053466 0.153972 0.986628 -0.263300 0.000000 0.000000 0.000000 1.000000
0.998576 0.036762 -0.038666 0.016300 -0.042146 0.987911 -0.149186 11.420800 0.032714 0.150603 0.988053 -0.263300 0.000000 0.000000 0.000000 1.000000
0.999006 0.037783 -0.023669 0.016300 -0.041144 0.985772 -0.162972 11.420800 0.017175 0.163784 0.986347 -0.263300 0.000000 0.000000 0.000000 1.000000
0.999898 0.013507 -0.004704 0.016300 -0.014147 0.982307 -0.186745 11.420800 0.002098 0.186792 0.982397 -0.263300 0.000000 0.000000 0.000000 1.000000
0.999838 0.000819 0.018008 0.016300 0.002566 0.982321 -0.187188 11.420800 -0.017843 0.187203 0.982159 -0.263300 0.000000 0.000000 0.000000 1.000000
0.999269 0.013638 0.035706 0.016300 -0.007557 0.986229 -0.165215 11.420800 -0.037468 0.164824 0.985611 -0.263300 0.000000 0.000000 0.000000 1.000000
0.998463 0.035807 0.042309 0.016300 -0.029368 0.989135 -0.144050 11.420800 -0.047007 0.142586 0.988666 -0.263300 0.000000 0.000000 0.000000 1.000000
0.998357 0.041107 0.039912 0.016300 -0.036149 0.992375 -0.117835 11.420800 -0.044451 0.116199 0.992231 -0.263300 0.000000 0.000000 0.000000 1.000000
0.999196 0.021589 0.033783 0.016300 -0.018448 0.995710 -0.090669 11.420800 -0.035596 0.089973 0.995308 -0.263300 0.000000 0.000000 0.000000 1.000000
0.999620 -0.006275 0.026832 0.016300 0.008867 0.995183 -0.097629 11.420800 -0.026090 0.097830 0.994861 -0.263300 0.000000 0.000000 0.000000 1.000000
0.999780 -0.012964 0.016470 0.016300 0.015111 0.990348 -0.137780 11.420800 -0.014525 0.137998 0.990326 -0.263300 0.000000 0.000000 0.000000 1.000000
0.999992 0.003586 0.001840 0.016300 -0.003224 0.985650 -0.168773 11.420800 -0.002419 0.168766 0.985653 -0.263300 0.000000 0.000000 0.000000 1.000000
0.999831 0.010106 -0.015345 0.016300 -0.012585 0.985159 -0.171184 11.420800 0.013387 0.171348 0.985120 -0.263300 0.000000 0.000000 0.000000 1.000000</float_array><technique_common><accessor source="#mixamorig_Neck-Matrix-animation-output-transform-array" count="17" stride="16"><param type="float4x4"/></accessor></technique_common></source><source id="mixamorig_Neck-Interpolations"><Name_array id="mixamorig_Neck-Interpolations-array" count="17">
 LINEAR LINEAR LINEAR LINEAR LINEAR LINEAR LINEAR LINEAR LINEAR LINEAR LINEAR
LINEAR LINEAR LINEAR LINEAR LINEAR LINEAR</Name_array><technique_common><accessor source="#mixamorig_Neck-Interpolations-array" count="17"><param type="name"/></accessor></technique_common></source><sampler id="mixamorig_Neck-Matrix-animation-transform"><input semantic="INPUT" source="#mixamorig_Neck-Matrix-animation-input"/><input semantic="OUTPUT" source="#mixamorig_Neck-Matrix-animation-output-transform"/><input semantic="INTERPOLATION" source="#mixamorig_Neck-Interpolations"/></sampler><channel source="#mixamorig_Neck-Matrix-animation-transform" target="mixamorig_Neck/matrix"/></animation>
    <animation id="mixamorig_Head-anim" name="mixamorig_Head"><source id="mixamorig_Head-Matrix-animation-input"><float_array id="mixamorig_Head-Matrix-animation-input-array" count="17">

0.000000 0.033333 0.066667 0.100000 0.133333 0.166667 0.200000 0.233333 0.266667 0.300000 0.333333 0.366667 0.400000 0.433333 0.466667 0.500000
0.533333</float_array><technique_common><accessor source="#mixamorig_Head-Matrix-animation-input-array" count="17"><param name="TIME" type="float"/></accessor></technique_common></source><source id="mixamorig_Head-Matrix-animation-output-transform"><float_array id="mixamorig_Head-Matrix-animation-output-transform-array" count="272">

0.998630 0.025081 -0.045922 -0.019200 -0.007260 0.935563 0.353086 9.262400 0.051818 -0.352269 0.934463 2.362500 0.000000 0.000000 0.000000 1.000000
0.990744 0.030402 -0.132293 -0.019200 0.013546 0.947588 0.319207 9.262400 0.135063 -0.318044 0.938406 2.362500 0.000000 0.000000 0.000000 1.000000
0.982123 0.031248 -0.185628 -0.019200 0.029342 0.948659 0.314936 9.262400 0.185939 -0.314753 0.930783 2.362500 0.000000 0.000000 0.000000 1.000000
0.978612 0.010863 -0.205427 -0.019200 0.055133 0.948223 0.312784 9.262400 0.198189 -0.317420 0.927344 2.362500 0.000000 0.000000 0.000000 1.000000
0.979977 -0.009950 -0.198862 -0.019200 0.070312 0.951699 0.298874 9.262400 0.186283 -0.306872 0.933343 2.362500 0.000000 0.000000 0.000000 1.000000
0.985909 -0.026145 -0.165227 -0.019200 0.076311 0.949244 0.305143 9.262400 0.148863 -0.313452 0.937864 2.362500 0.000000 0.000000 0.000000 1.000000
0.993296 -0.039196 -0.108750 -0.019200 0.072926 0.942408 0.326418 9.262400 0.089693 -0.332160 0.938949 2.362500 0.000000 0.000000 0.000000 1.000000
0.998548 -0.042016 -0.033699 -0.019200 0.050811 0.942392 0.330629 9.262400 0.017866 -0.331861 0.943159 2.362500 0.000000 0.000000 0.000000 1.000000
0.997711 -0.030136 0.060543 -0.019200 0.010298 0.952488 0.304403 9.262400 -0.066840 -0.303082 0.950617 2.362500 0.000000 0.000000 0.000000 1.000000
0.990253 -0.015288 0.138441 -0.019200 -0.024207 0.959940 0.279157 9.262400 -0.137162 -0.279787 0.950213 2.362500 0.000000 0.000000 0.000000 1.000000
0.985486 -0.006007 0.169648 -0.019200 -0.043742 0.956639 0.287973 9.262400 -0.164021 -0.291214 0.942492 2.362500 0.000000 0.000000 0.000000 1.000000
0.986005 0.005633 0.166618 -0.019200 -0.058379 0.947815 0.313430 9.262400 -0.156158 -0.318770 0.934880 2.362500 0.000000 0.000000 0.000000 1.000000
0.988229 0.019155 0.151779 -0.019200 -0.066644 0.946944 0.314414 9.262400 -0.137703 -0.320828 0.937074 2.362500 0.000000 0.000000 0.000000 1.000000
0.990924 0.031000 0.130801 -0.019200 -0.069581 0.950834 0.301784 9.262400 -0.115015 -0.308147 0.944361 2.362500 0.000000 0.000000 0.000000 1.000000
0.995401 0.032195 0.090228 -0.019200 -0.059864 0.944346 0.323460 9.262400 -0.074793 -0.327374 0.941930 2.362500 0.000000 0.000000 0.000000 1.000000
0.999425 0.026914 0.020611 -0.019200 -0.032532 0.932441 0.359856 9.262400 -0.009533 -0.360320 0.932780 2.362500 0.000000 0.000000 0.000000 1.000000
0.998630 0.025081 -0.045922 -0.019200 -0.007260 0.935563 0.353086 9.262400 0.051818 -0.352269 0.934463 2.362500 0.000000 0.000000 0.000000 1.000000</float_array><technique_common><accessor source="#mixamorig_Head-Matrix-animation-output-transform-array" count="17" stride="16"><param type="float4x4"/></accessor></technique_common></source><source id="mixamorig_Head-Interpolations"><Name_array id="mixamorig_Head-Interpolations-array" count="17">
 LINEAR LINEAR LINEAR LINEAR LINEAR LINEAR LINEAR LINEAR LINEAR LINEAR LINEAR
LINEAR LINEAR LINEAR LINEAR LINEAR LINEAR</Name_array><technique_common><accessor source="#mixamorig_Head-Interpolations-array" count="17"><param type="name"/></accessor></technique_common></source><sampler id="mixamorig_Head-Matrix-animation-transform"><input semantic="INPUT" source="#mixamorig_Head-Matrix-animation-input"/><input semantic="OUTPUT" source="#mixamorig_Head-Matrix-animation-output-transform"/><input semantic="INTERPOLATION" source="#mixamorig_Head-Interpolations"/></sampler><channel source="#mixamorig_Head-Matrix-animation-transform" target="mixamorig_Head/matrix"/></animation>
    <animation id="mixamorig_LeftShoulder-anim" name="mixamorig_LeftShoulder"><source id="mixamorig_LeftShoulder-Matrix-animation-input"><float_array id="mixamorig_LeftShoulder-Matrix-animation-input-array" count="17">

0.000000 0.033333 0.066667 0.100000 0.133333 0.166667 0.200000 0.233333 0.266667 0.300000 0.333333 0.366667 0.400000 0.433333 0.466667 0.500000
0.533333</float_array><technique_common><accessor source="#mixamorig_LeftShoulder-Matrix-animation-input-array" count="17"><param name="TIME" type="float"/></accessor></technique_common></source><source id="mixamorig_LeftShoulder-Matrix-animation-output-transform"><float_array id="mixamorig_LeftShoulder-Matrix-animation-output-transform-array" count="272">

0.997023 -0.025046 -0.072928 5.616900 0.023092 0.999354 -0.027520 6.732200 0.073571 0.025754 0.996957 -0.345700 0.000000 0.000000 0.000000 1.000000
0.997800 -0.043303 -0.050207 5.616900 0.042349 0.998904 -0.019924 6.732200 0.051015 0.017754 0.998540 -0.345700 0.000000 0.000000 0.000000 1.000000
0.992762 -0.074727 -0.094022 5.616900 0.073241 0.997130 -0.019169 6.732200 0.095184 0.012144 0.995386 -0.345700 0.000000 0.000000 0.000000 1.000000
0.980484 -0.076273 -0.181201 5.616900 0.071053 0.996853 -0.035137 6.732200 0.183310 0.021576 0.982818 -0.345700 0.000000 0.000000 0.000000 1.000000
0.980043 0.005293 -0.198715 5.616900 -0.014031 0.998994 -0.042588 6.732200 0.198290 0.044527 0.979131 -0.345700 0.000000 0.000000 0.000000 1.000000
0.978694 0.121786 -0.165309 5.616900 -0.131211 0.990225 -0.047304 6.732200 0.157932 0.067987 0.985107 -0.345700 0.000000 0.000000 0.000000 1.000000
0.976253 0.174776 -0.127995 5.616900 -0.182185 0.982063 -0.048582 6.732200 0.117208 0.070747 0.990584 -0.345700 0.000000 0.000000 0.000000 1.000000
0.987440 0.124140 -0.097732 5.616900 -0.128233 0.991063 -0.036747 6.732200 0.092296 0.048818 0.994534 -0.345700 0.000000 0.000000 0.000000 1.000000
0.996918 0.022680 -0.075100 5.616900 -0.024611 0.999387 -0.024884 6.732200 0.074489 0.026655 0.996865 -0.345700 0.000000 0.000000 0.000000 1.000000
0.998368 -0.041159 -0.039592 5.616900 0.040558 0.999051 -0.015869 6.732200 0.040208 0.014238 0.999090 -0.345700 0.000000 0.000000 0.000000 1.000000
0.998745 -0.049781 -0.005471 5.616900 0.049729 0.998719 -0.009327 6.732200 0.005929 0.009043 0.999942 -0.345700 0.000000 0.000000 0.000000 1.000000
0.999286 -0.037465 0.004973 5.616900 0.037511 0.999252 -0.009353 6.732200 -0.004619 0.009533 0.999944 -0.345700 0.000000 0.000000 0.000000 1.000000
0.999723 -0.023100 -0.004581 5.616900 0.023036 0.999643 -0.013563 6.732200 0.004893 0.013453 0.999898 -0.345700 0.000000 0.000000 0.000000 1.000000
0.999589 -0.016030 -0.023776 5.616900 0.015592 0.999707 -0.018516 6.732200 0.024066 0.018138 0.999546 -0.345700 0.000000 0.000000 0.000000 1.000000
0.998122 -0.009981 -0.060435 5.616900 0.008422 0.999627 -0.025986 6.732200 0.060672 0.025428 0.997834 -0.345700 0.000000 0.000000 0.000000 1.000000
0.996339 -0.016593 -0.083862 5.616900 0.014180 0.999470 -0.029296 6.732200 0.084304 0.028000 0.996047 -0.345700 0.000000 0.000000 0.000000 1.000000
0.997023 -0.025046 -0.072928 5.616900 0.023092 0.999354 -0.027520 6.732200 0.073571 0.025754 0.996957 -0.345700 0.000000 0.000000 0.000000 1.000000</float_array><technique_common><accessor source="#mixamorig_LeftShoulder-Matrix-animation-output-transform-array" count="17" stride="16"><param type="float4x4"/></accessor></technique_common></source><source id="mixamorig_LeftShoulder-Interpolations"><Name_array id="mixamorig_LeftShoulder-Interpolations-array" count="17">
 LINEAR LINEAR LINEAR LINEAR LINEAR LINEAR LINEAR LINEAR LINEAR LINEAR LINEAR
LINEAR LINEAR LINEAR LINEAR LINEAR LINEAR</Name_array><technique_common><accessor source="#mixamorig_LeftShoulder-Interpolations-array" count="17"><param type="name"/></accessor></technique_common></source><sampler id="mixamorig_LeftShoulder-Matrix-animation-transform"><input semantic="INPUT" source="#mixamorig_LeftShoulder-Matrix-animation-input"/><input semantic="OUTPUT" source="#mixamorig_LeftShoulder-Matrix-animation-output-transform"/><input semantic="INTERPOLATION" source="#mixamorig_LeftShoulder-Interpolations"/></sampler><channel source="#mixamorig_LeftShoulder-Matrix-animation-transform" target="mixamorig_LeftShoulder/matrix"/></animation>
    <animation id="mixamorig_LeftArm-anim" name="mixamorig_LeftArm"><source id="mixamorig_LeftArm-Matrix-animation-input"><float_array id="mixamorig_LeftArm-Matrix-animation-input-array" count="17">

0.000000 0.033333 0.066667 0.100000 0.133333 0.166667 0.200000 0.233333 0.266667 0.300000 0.333333 0.366667 0.400000 0.433333 0.466667 0.500000
0.533333</float_array><technique_common><accessor source="#mixamorig_LeftArm-Matrix-animation-input-array" count="17"><param name="TIME" type="float"/></accessor></technique_common></source><source id="mixamorig_LeftArm-Matrix-animation-output-transform"><float_array id="mixamorig_LeftArm-Matrix-animation-output-transform-array" count="272">

0.445507 0.879555 -0.167055 10.664800 -0.659928 0.196530 -0.725169 -0.188500 -0.604995 0.433312 0.667998 -2.440700 0.000000 0.000000 0.000000 1.000000
0.556115 0.826868 -0.083822 10.664800 -0.450139 0.214882 -0.866718 -0.188500 -0.698649 0.519726 0.491705 -2.440700 0.000000 0.000000 0.000000 1.000000
0.474810 0.880080 0.003845 10.664800 -0.446029 0.244398 -0.861004 -0.188500 -0.758692 0.407099 0.508584 -2.440700 0.000000 0.000000 0.000000 1.000000
0.310001 0.946306 0.091676 10.664800 -0.568503 0.261793 -0.779916 -0.188500 -0.762039 0.189657 0.619134 -2.440700 0.000000 0.000000 0.000000 1.000000
0.232998 0.956505 0.175530 10.664800 -0.712730 0.290759 -0.638338 -0.188500 -0.661610 0.023626 0.749476 -2.440700 0.000000 0.000000 0.000000 1.000000
0.285418 0.941742 0.177929 10.664800 -0.827564 0.335808 -0.449857 -0.188500 -0.483400 -0.018850 0.875197 -2.440700 0.000000 0.000000 0.000000 1.000000
0.388796 0.918919 0.066523 10.664800 -0.896385 0.393971 -0.203177 -0.188500 -0.212912 0.019364 0.976880 -2.440700 0.000000 0.000000 0.000000 1.000000
0.421239 0.903990 -0.073204 10.664800 -0.889105 0.427536 0.163414 -0.188500 0.179022 -0.003750 0.983838 -2.440700 0.000000 0.000000 0.000000 1.000000
0.396416 0.911639 -0.108485 10.664800 -0.724463 0.383209 0.572978 -0.188500 0.563922 -0.148544 0.812359 -2.440700 0.000000 0.000000 0.000000 1.000000
0.428815 0.898928 -0.089701 10.664800 -0.518541 0.326228 0.790374 -0.188500 0.739752 -0.292411 0.606022 -2.440700 0.000000 0.000000 0.000000 1.000000
0.449185 0.880185 -0.153323 10.664800 -0.472384 0.379634 0.795444 -0.188500 0.758344 -0.284874 0.586311 -2.440700 0.000000 0.000000 0.000000 1.000000
0.427453 0.848687 -0.311471 10.664800 -0.615001 0.525510 0.587889 -0.188500 0.662615 -0.059740 0.746574 -2.440700 0.000000 0.000000 0.000000 1.000000
0.449570 0.766031 -0.459437 10.664800 -0.788301 0.582138 0.199242 -0.188500 0.420081 0.272602 0.865575 -2.440700 0.000000 0.000000 0.000000 1.000000
0.462460 0.764730 -0.448686 10.664800 -0.870380 0.488030 -0.065311 -0.188500 0.169027 0.420731 0.891300 -2.440700 0.000000 0.000000 0.000000 1.000000
0.408896 0.862992 -0.296731 10.664800 -0.910610 0.364482 -0.194788 -0.188500 -0.059948 0.349854 0.934884 -2.440700 0.000000 0.000000 0.000000 1.000000
0.354283 0.916395 -0.186290 10.664800 -0.865151 0.245581 -0.437270 -0.188500 -0.354962 0.316086 0.879825 -2.440700 0.000000 0.000000 0.000000 1.000000
0.445507 0.879555 -0.167055 10.664800 -0.659928 0.196530 -0.725169 -0.188500 -0.604995 0.433312 0.667999 -2.440700 0.000000 0.000000 0.000000 1.000000</float_array><technique_common><accessor source="#mixamorig_LeftArm-Matrix-animation-output-transform-array" count="17" stride="16"><param type="float4x4"/></accessor></technique_common></source><source id="mixamorig_LeftArm-Interpolations"><Name_array id="mixamorig_LeftArm-Interpolations-array" count="17">
 LINEAR LINEAR LINEAR LINEAR LINEAR LINEAR LINEAR LINEAR LINEAR LINEAR LINEAR
LINEAR LINEAR LINEAR LINEAR LINEAR LINEAR</Name_array><technique_common><accessor source="#mixamorig_LeftArm-Interpolations-array" count="17"><param type="name"/></accessor></technique_common></source><sampler id="mixamorig_LeftArm-Matrix-animation-transform"><input semantic="INPUT" source="#mixamorig_LeftArm-Matrix-animation-input"/><input semantic="OUTPUT" source="#mixamorig_LeftArm-Matrix-animation-output-transform"/><input semantic="INTERPOLATION" source="#mixamorig_LeftArm-Interpolations"/></sampler><channel source="#mixamorig_LeftArm-Matrix-animation-transform" target="mixamorig_LeftArm/matrix"/></animation>
    <animation id="mixamorig_LeftForeArm-anim" name="mixamorig_LeftForeArm"><source id="mixamorig_LeftForeArm-Matrix-animation-input"><float_array id="mixamorig_LeftForeArm-Matrix-animation-input-array" count="17">

0.000000 0.033333 0.066667 0.100000 0.133333 0.166667 0.200000 0.233333 0.266667 0.300000 0.333333 0.366667 0.400000 0.433333 0.466667 0.500000
0.533333</float_array><technique_common><accessor source="#mixamorig_LeftForeArm-Matrix-animation-input-array" count="17"><param name="TIME" type="float"/></accessor></technique_common></source><source id="mixamorig_LeftForeArm-Matrix-animation-output-transform"><float_array id="mixamorig_LeftForeArm-Matrix-animation-output-transform-array" count="272">

0.593530 -0.019246 -0.804581 27.383600 0.020612 0.999750 -0.008709 0.285000 0.804548 -0.011415 0.593779 -2.015100 0.000000 0.000000 0.000000 1.000000
0.406858 -0.016500 -0.913342 27.383600 0.018631 0.999779 -0.009762 0.285000 0.913301 -0.013045 0.407076 -2.015100 0.000000 0.000000 0.000000 1.000000
0.430161 -0.016843 -0.902595 27.383600 0.018877 0.999775 -0.009660 0.285000 0.902555 -0.012883 0.430383 -2.015100 0.000000 0.000000 0.000000 1.000000
0.473505 -0.017481 -0.880618 27.383600 0.019336 0.999768 -0.009450 0.285000 0.880579 -0.012553 0.473733 -2.015100 0.000000 0.000000 0.000000 1.000000
0.347172 -0.015621 -0.937672 27.383600 0.018002 0.999788 -0.009990 0.285000 0.937629 -0.013411 0.347379 -2.015100 0.000000 0.000000 0.000000 1.000000
0.168496 -0.012987 -0.985617 27.383600 0.016128 0.999816 -0.010417 0.285000 0.985570 -0.014141 0.168674 -2.015100 0.000000 0.000000 0.000000 1.000000
0.022825 -0.010835 -0.999681 27.383600 0.014611 0.999838 -0.010503 0.285000 0.999633 -0.014367 0.022980 -2.015100 0.000000 0.000000 0.000000 1.000000
-0.020632 -0.010194 -0.999735 27.383600 0.014160 0.999845 -0.010488 0.285000 0.999687 -0.014372 -0.020485 -2.015100 0.000000 0.000000 0.000000 1.000000
0.097653 -0.011941 -0.995149 27.383600 0.015389 0.999827 -0.010487 0.285000 0.995102 -0.014291 0.097819 -2.015100 0.000000 0.000000 0.000000 1.000000
0.086463 -0.011778 -0.996185 27.383600 0.015272 0.999828 -0.010496 0.285000 0.996138 -0.014307 0.086628 -2.015100 0.000000 0.000000 0.000000 1.000000
0.069687 -0.011527 -0.997502 27.383600 0.015098 0.999831 -0.010499 0.285000 0.997455 -0.014329 0.069849 -2.015100 0.000000 0.000000 0.000000 1.000000
0.065245 -0.011465 -0.997803 27.383600 0.015052 0.999832 -0.010504 0.285000 0.997756 -0.014333 0.065406 -2.015100 0.000000 0.000000 0.000000 1.000000
0.068222 -0.011504 -0.997604 27.383600 0.015083 0.999831 -0.010498 0.285000 0.997556 -0.014330 0.068384 -2.015100 0.000000 0.000000 0.000000 1.000000
0.327533 -0.015331 -0.944715 27.383600 0.017795 0.999791 -0.010056 0.285000 0.944672 -0.013518 0.327738 -2.015100 0.000000 0.000000 0.000000 1.000000
0.606371 -0.019435 -0.794944 27.383600 0.020750 0.999748 -0.008614 0.285000 0.794911 -0.011271 0.606621 -2.015100 0.000000 0.000000 0.000000 1.000000
0.655812 -0.020160 -0.754655 27.383600 0.021279 0.999740 -0.008216 0.285000 0.754624 -0.010670 0.656071 -2.015100 0.000000 0.000000 0.000000 1.000000
0.593672 -0.019248 -0.804477 27.383600 0.020614 0.999750 -0.008708 0.285000 0.804443 -0.011414 0.593920 -2.015100 0.000000 0.000000 0.000000 1.000000</float_array><technique_common><accessor source="#mixamorig_LeftForeArm-Matrix-animation-output-transform-array" count="17" stride="16"><param type="float4x4"/></accessor></technique_common></source><source id="mixamorig_LeftForeArm-Interpolations"><Name_array id="mixamorig_LeftForeArm-Interpolations-array" count="17">
 LINEAR LINEAR LINEAR LINEAR LINEAR LINEAR LINEAR LINEAR LINEAR LINEAR LINEAR
LINEAR LINEAR LINEAR LINEAR LINEAR LINEAR</Name_array><technique_common><accessor source="#mixamorig_LeftForeArm-Interpolations-array" count="17"><param type="name"/></accessor></technique_common></source><sampler id="mixamorig_LeftForeArm-Matrix-animation-transform"><input semantic="INPUT" source="#mixamorig_LeftForeArm-Matrix-animation-input"/><input semantic="OUTPUT" source="#mixamorig_LeftForeArm-Matrix-animation-output-transform"/><input semantic="INTERPOLATION" source="#mixamorig_LeftForeArm-Interpolations"/></sampler><channel source="#mixamorig_LeftForeArm-Matrix-animation-transform" target="mixamorig_LeftForeArm/matrix"/></animation>
    <animation id="mixamorig_LeftHand-anim" name="mixamorig_LeftHand"><source id="mixamorig_LeftHand-Matrix-animation-input"><float_array id="mixamorig_LeftHand-Matrix-animation-input-array" count="17">

0.000000 0.033333 0.066667 0.100000 0.133333 0.166667 0.200000 0.233333 0.266667 0.300000 0.333333 0.366667 0.400000 0.433333 0.466667 0.500000
0.533333</float_array><technique_common><accessor source="#mixamorig_LeftHand-Matrix-animation-input-array" count="17"><param name="TIME" type="float"/></accessor></technique_common></source><source id="mixamorig_LeftHand-Matrix-animation-output-transform"><float_array id="mixamorig_LeftHand-Matrix-animation-output-transform-array" count="272">

0.972497 -0.157782 -0.171331 21.293699 0.187556 0.966650 0.174386 -0.314600 0.138103 -0.201724 0.969657 0.679300 0.000000 0.000000 0.000000 1.000000
0.987781 -0.148891 0.046048 21.293699 0.134055 0.962409 0.236216 -0.314600 -0.079488 -0.227156 0.970609 0.679300 0.000000 0.000000 0.000000 1.000000
0.972083 -0.209061 0.106532 21.293699 0.146564 0.895561 0.420106 -0.314600 -0.183233 -0.392764 0.901200 0.679300 0.000000 0.000000 0.000000 1.000000
0.954041 -0.299647 0.004293 21.293699 0.263142 0.844498 0.466454 -0.314600 -0.143397 -0.443887 0.884535 0.679300 0.000000 0.000000 0.000000 1.000000
0.932295 -0.361379 -0.015199 21.293699 0.345438 0.877142 0.333609 -0.314600 -0.107228 -0.316272 0.942589 0.679300 0.000000 0.000000 0.000000 1.000000
