<?xml version="1.0" encoding="utf-8"?>
<COLLADA xmlns="http://www.collada.org/2005/11/COLLADASchema" version="1.4.1">
  <asset><contributor><author>Mixamo</author><authoring_tool>COLLADA Mixamo exporter</authoring_tool><comments></comments></contributor><created>2019-05-04T22:24:53Z</created><modified>2019-05-04T22:24:53Z</modified><revision></revision><title></title><unit meter="0.010000"/><up_axis>Y_UP</up_axis></asset>
  <library_animations>
    <animation id="mixamorig_Hips-anim" name="mixamorig_Hips"><source id="mixamorig_Hips-Matrix-animation-input"><float_array id="mixamorig_Hips-Matrix-animation-input-array" count="72">

0.000000 0.033333 0.066667 0.100000 0.133333 0.166667 0.200000 0.233333 0.266667 0.300000 0.333333 0.366667 0.400000 0.433333 0.466667 0.500000
0.533333 0.566667 0.600000 0.633333 0.666667 0.700000 0.733333 0.766667 0.800000 0.833333 0.866667 0.900000 0.933333 0.966667 1.000000 1.033333
1.066667 1.100000 1.133333 1.166667 1.200000 1.233333 1.266667 1.300000 1.333333 1.366667 1.400000 1.433333 1.466667 1.500000 1.533333 1.566667
1.600000 1.633333 1.666667 1.700000 1.733333 1.766667 1.800000 1.833333 1.866667 1.900000 1.933333 1.966667 2.000000 2.033333 2.066667 2.100000
2.133333 2.166667 2.200000 2.233333 2.266667 2.300000 2.333333 2.366667</float_array><technique_common><accessor source="#mixamorig_Hips-Matrix-animation-input-array" count="72"><param name="TIME" type="float"/></accessor></technique_common></source><source id="mixamorig_Hips-Matrix-animation-output-transform"><float_array id="mixamorig_Hips-Matrix-animation-output-transform-array" count="1152">

0.467975 -0.084264 -0.879715 1.344984 0.031253 0.996399 -0.078816 81.406036 0.883189 0.009390 0.468924 -0.686061 0.000000 0.000000 0.000000 1.000000
0.557394 0.012387 -0.830156 1.262970 0.051209 0.997472 0.049267 80.935684 0.828667 -0.069972 0.555351 -1.108769 0.000000 0.000000 0.000000 1.000000
0.602657 0.065553 -0.795303 -0.471034 0.120540 0.977707 0.171930 80.860374 0.788844 -0.199481 0.581320 -0.341212 0.000000 0.000000 0.000000 1.000000
0.583828 0.099298 -0.805782 -2.579650 0.166484 0.956759 0.238529 80.912094 0.794625 -0.273410 0.542051 1.574204 0.000000 0.000000 0.000000 1.000000
0.553697 0.109045 -0.825548 -4.347301 0.166323 0.956930 0.237951 80.390526 0.815939 -0.269060 0.511713 3.798873 0.000000 0.000000 0.000000 1.000000
0.560700 0.089194 -0.823201 -5.745093 0.158930 0.964103 0.212712 80.095413 0.812623 -0.250099 0.526397 5.697097 0.000000 0.000000 0.000000 1.000000
0.569751 0.058962 -0.819700 -6.802649 0.147855 0.973793 0.172816 80.206039 0.808408 -0.219659 0.546101 7.234129 0.000000 0.000000 0.000000 1.000000
0.567696 0.031634 -0.822630 -7.205772 0.156925 0.976781 0.145856 80.189323 0.808143 -0.211894 0.549551 8.616885 0.000000 0.000000 0.000000 1.000000
0.562908 0.019693 -0.826285 -7.036410 0.158837 0.978504 0.131530 79.942314 0.811113 -0.205284 0.547680 9.773739 0.000000 0.000000 0.000000 1.000000
0.561288 0.009905 -0.827561 -6.660297 0.155130 0.980946 0.116958 79.658279 0.812951 -0.194027 0.549057 10.707454 0.000000 0.000000 0.000000 1.000000
0.568807 0.000219 -0.822471 -6.145625 0.149412 0.983333 0.103593 79.375145 0.808786 -0.181811 0.559294 11.561755 0.000000 0.000000 0.000000 1.000000
0.578591 -0.009651 -0.815561 -5.543294 0.139357 0.986396 0.087193 79.137573 0.803625 -0.164103 0.572064 12.354013 0.000000 0.000000 0.000000 1.000000
0.591284 -0.015857 -0.806308 -4.946946 0.125763 0.989388 0.072767 78.909256 0.796597 -0.144430 0.587003 13.155246 0.000000 0.000000 0.000000 1.000000
0.609588 -0.019318 -0.792483 -4.400691 0.106035 0.992706 0.057365 78.658379 0.785595 -0.119000 0.607190 13.897666 0.000000 0.000000 0.000000 1.000000
0.636682 -0.018994 -0.770893 -3.782980 0.083565 0.995509 0.044488 78.386597 0.766585 -0.092744 0.635410 14.560212 0.000000 0.000000 0.000000 1.000000
0.671612 -0.009401 -0.740844 -3.103152 0.059349 0.997389 0.041146 78.106728 0.738522 -0.071602 0.670416 15.141802 0.000000 0.000000 0.000000 1.000000
0.709854 0.005959 -0.704324 -2.414325 0.034595 0.998462 0.043314 77.779350 0.703499 -0.055112 0.708556 15.672733 0.000000 0.000000 0.000000 1.000000
0.745949 0.022913 -0.665609 -1.858931 0.011124 0.998840 0.046851 77.471657 0.665910 -0.042353 0.744829 16.239382 0.000000 0.000000 0.000000 1.000000
0.774489 0.042071 -0.631186 -1.435250 -0.011809 0.998574 0.052068 77.169846 0.632477 -0.032872 0.773881 16.850018 0.000000 0.000000 0.000000 1.000000
0.796750 0.060161 -0.601307 -1.162642 -0.027221 0.997595 0.063741 76.859459 0.603695 -0.034417 0.796472 17.520172 0.000000 0.000000 0.000000 1.000000
0.812608 0.076063 -0.577826 -1.018939 -0.036384 0.996134 0.079960 76.512321 0.581674 -0.043953 0.812234 18.320614 0.000000 0.000000 0.000000 1.000000
0.820444 0.090189 -0.564568 -0.984544 -0.043046 0.994421 0.096302 76.193451 0.570103 -0.054708 0.819749 19.273376 0.000000 0.000000 0.000000 1.000000
0.821844 0.102262 -0.560460 -1.052317 -0.047606 0.992645 0.111312 75.884270 0.567720 -0.064799 0.820667 20.384073 0.000000 0.000000 0.000000 1.000000
0.817673 0.112405 -0.564603 -1.261953 -0.048222 0.990679 0.127395 75.469475 0.573660 -0.076941 0.815472 21.678560 0.000000 0.000000 0.000000 1.000000
0.808697 0.122255 -0.575380 -1.548714 -0.045061 0.988165 0.146629 74.980850 0.586497 -0.092651 0.804635 23.105881 0.000000 0.000000 0.000000 1.000000
0.797192 0.130690 -0.589411 -1.926626 -0.038684 0.985340 0.166158 74.400032 0.602486 -0.109659 0.790561 24.648211 0.000000 0.000000 0.000000 1.000000
0.781852 0.135487 -0.608564 -2.374701 -0.029616 0.983071 0.180816 73.694778 0.622760 -0.123348 0.772629 26.278887 0.000000 0.000000 0.000000 1.000000
0.758631 0.141045 -0.636070 -2.916899 -0.021048 0.981082 0.192446 72.974007 0.651181 -0.132608 0.747248 27.996771 0.000000 0.000000 0.000000 1.000000
0.730512 0.144466 -0.667444 -3.570997 -0.014782 0.980484 0.196043 72.053833 0.682740 -0.133346 0.718391 29.931997 0.000000 0.000000 0.000000 1.000000
0.697761 0.147900 -0.700896 -4.222901 -0.013090 0.980922 0.193960 70.978012 0.716211 -0.126163 0.686385 32.027760 0.000000 0.000000 0.000000 1.000000
0.662435 0.157281 -0.732422 -4.950230 -0.019533 0.981005 0.192995 69.753983 0.748865 -0.113540 0.652925 34.146282 0.000000 0.000000 0.000000 1.000000
0.622576 0.168893 -0.764117 -5.663791 -0.033104 0.981243 0.189912 68.355316 0.781859 -0.092939 0.616489 36.486485 0.000000 0.000000 0.000000 1.000000
0.580280 0.187591 -0.792518 -6.369670 -0.053664 0.979803 0.192629 66.723831 0.812647 -0.069250 0.578626 38.890900 0.000000 0.000000 0.000000 1.000000
0.537715 0.215474 -0.815128 -7.065359 -0.088173 0.975862 0.199798 64.833549 0.838504 -0.035562 0.543734 41.419651 0.000000 0.000000 0.000000 1.000000
0.494988 0.247325 -0.832957 -7.658430 -0.132124 0.968911 0.209179 62.612865 0.858796 0.006512 0.512276 44.144524 0.000000 0.000000 0.000000 1.000000
0.451917 0.272132 -0.849538 -8.132969 -0.174960 0.960876 0.214725 59.943569 0.874734 0.051597 0.481849 46.937531 0.000000 0.000000 0.000000 1.000000
0.408907 0.292617 -0.864390 -8.563765 -0.219156 0.950966 0.218251 56.845592 0.885870 0.100192 0.452985 49.945122 0.000000 0.000000 0.000000 1.000000
0.365707 0.300643 -0.880836 -8.933742 -0.265416 0.940783 0.210907 53.403313 0.892083 0.156658 0.423847 53.190071 0.000000 0.000000 0.000000 1.000000
0.324356 0.300868 -0.896812 -9.314054 -0.310408 0.929425 0.199542 49.297096 0.893555 0.213655 0.394856 56.302841 0.000000 0.000000 0.000000 1.000000
0.294513 0.289304 -0.910805 -9.673151 -0.360665 0.916244 0.174409 44.058601 0.884976 0.277130 0.374188 59.136021 0.000000 0.000000 0.000000 1.000000
0.303129 0.253449 -0.918627 -9.469519 -0.417613 0.901818 0.111007 39.416271 0.856570 0.349982 0.379211 61.663292 0.000000 0.000000 0.000000 1.000000
0.350827 0.194935 -0.915926 -8.584487 -0.460842 0.887396 0.012346 37.219810 0.815196 0.417766 0.401157 64.109512 0.000000 0.000000 0.000000 1.000000
0.431036 0.137837 -0.891745 -6.557292 -0.510809 0.851938 -0.115222 36.396057 0.743829 0.505176 0.437624 67.521225 0.000000 0.000000 0.000000 1.000000
0.494626 0.114593 -0.861518 -3.728994 -0.583143 0.778771 -0.231215 34.990631 0.644430 0.616753 0.452024 72.269386 0.000000 0.000000 0.000000 1.000000
0.498124 0.090588 -0.862361 -1.648029 -0.672893 0.667639 -0.318549 32.703335 0.546889 0.738953 0.393523 77.714508 0.000000 0.000000 0.000000 1.000000
0.490483 0.073526 -0.868343 -0.915741 -0.733442 0.572954 -0.365770 29.226433 0.470627 0.816283 0.334951 83.400131 0.000000 0.000000 0.000000 1.000000
0.464670 0.103926 -0.879364 -1.188817 -0.809048 0.453456 -0.373923 24.028845 0.359893 0.885199 0.294788 90.246902 0.000000 0.000000 0.000000 1.000000
0.466667 0.131554 -0.874594 -2.886873 -0.865362 0.272164 -0.420803 18.426325 0.182675 0.953216 0.240852 95.937248 0.000000 0.000000 0.000000 1.000000
0.583473 0.145708 -0.798955 -5.605285 -0.811209 0.057659 -0.581907 14.661276 -0.038722 0.987646 0.151842 98.824844 0.000000 0.000000 0.000000 1.000000
0.786649 0.150666 -0.598735 -8.579024 -0.584439 -0.130911 -0.800808 12.912357 -0.199035 0.979879 -0.014926 103.149536 0.000000 0.000000 0.000000 1.000000
0.926961 0.078584 -0.366835 -11.732829 -0.340537 -0.234026 -0.910641 13.049736 -0.157411 0.969049 -0.190173 108.171806 0.000000 0.000000 0.000000 1.000000
0.972630 -0.003358 -0.232333 -13.914765 -0.226046 -0.245139 -0.942767 14.223569 -0.053788 0.969482 -0.239188 111.133644 0.000000 0.000000 0.000000 1.000000
0.989839 -0.010219 -0.141826 -15.505939 -0.139697 -0.255951 -0.956542 15.044975 -0.026526 0.966636 -0.254778 112.675049 0.000000 0.000000 0.000000 1.000000
0.997942 0.022688 -0.059982 -16.794357 -0.052378 -0.251292 -0.966493 15.146566 -0.037001 0.967645 -0.249586 114.088837 0.000000 0.000000 0.000000 1.000000
0.997036 0.070055 0.031803 -17.706934 0.045813 -0.208517 -0.976945 14.507907 -0.061808 0.975507 -0.211108 115.502556 0.000000 0.000000 0.000000 1.000000
0.984930 0.109992 0.133476 -18.380156 0.152686 -0.190445 -0.969751 13.422289 -0.081245 0.975516 -0.204369 116.590599 0.000000 0.000000 0.000000 1.000000
0.967686 0.143917 0.207057 -18.737595 0.233168 -0.198053 -0.952054 12.886756 -0.096008 0.969568 -0.225210 117.291420 0.000000 0.000000 0.000000 1.000000
0.959259 0.165296 0.229129 -18.980402 0.258444 -0.185728 -0.948004 13.170134 -0.114145 0.968598 -0.220881 117.358208 0.000000 0.000000 0.000000 1.000000
0.958327 0.184375 0.218209 -19.212915 0.248301 -0.159877 -0.955398 13.716247 -0.141265 0.969766 -0.198995 117.109802 0.000000 0.000000 0.000000 1.000000
0.962276 0.194925 0.189814 -19.590082 0.214824 -0.116223 -0.969713 14.170214 -0.166960 0.973908 -0.153713 116.485146 0.000000 0.000000 0.000000 1.000000
0.969299 0.188449 0.157947 -19.721676 0.175098 -0.078030 -0.981454 14.367163 -0.172630 0.978978 -0.108631 115.927238 0.000000 0.000000 0.000000 1.000000
0.974455 0.174807 0.140995 -19.424719 0.151923 -0.050730 -0.987090 14.684687 -0.165397 0.983295 -0.075991 115.476349 0.000000 0.000000 0.000000 1.000000
0.977210 0.163721 0.135115 -19.036617 0.140708 -0.023007 -0.989784 15.033594 -0.158940 0.986238 -0.045519 114.704483 0.000000 0.000000 0.000000 1.000000
0.975610 0.176827 0.130065 -18.597864 0.131194 0.005344 -0.991342 15.407537 -0.175991 0.984227 -0.017985 114.633400 0.000000 0.000000 0.000000 1.000000
0.973707 0.194775 0.118140 -18.282875 0.116969 0.017544 -0.992981 15.605246 -0.195480 0.980691 -0.005700 114.949799 0.000000 0.000000 0.000000 1.000000
0.975468 0.199864 0.092283 -17.702755 0.093755 0.002105 -0.995593 15.291271 -0.199178 0.979821 -0.016685 115.097328 0.000000 0.000000 0.000000 1.000000
0.979994 0.187304 0.067303 -17.195438 0.074157 -0.029821 -0.996801 14.755695 -0.184698 0.981849 -0.043114 115.097031 0.000000 0.000000 0.000000 1.000000
0.984070 0.171653 0.046274 -16.952410 0.058536 -0.067077 -0.996029 14.304949 -0.167868 0.982871 -0.076057 115.022423 0.000000 0.000000 0.000000 1.000000
0.986270 0.162515 0.029326 -16.806135 0.044242 -0.088937 -0.995054 14.171074 -0.159103 0.982690 -0.094906 114.899376 0.000000 0.000000 0.000000 1.000000
0.986363 0.163420 0.019539 -16.661407 0.035511 -0.095393 -0.994806 14.234041 -0.160708 0.981934 -0.099895 114.855042 0.000000 0.000000 0.000000 1.000000
0.986166 0.165282 0.012628 -16.617790 0.029572 -0.100457 -0.994502 14.369989 -0.163104 0.981117 -0.103955 114.978966 0.000000 0.000000 0.000000 1.000000
0.986312 0.163521 0.021194 -16.738506 0.037985 -0.100252 -0.994237 14.460657 -0.160454 0.981433 -0.105091 115.182228 0.000000 0.000000 0.000000 1.000000</float_array><technique_common><accessor source="#mixamorig_Hips-Matrix-animation-output-transform-array" count="72" stride="16"><param type="float4x4"/></accessor></technique_common></source><source id="mixamorig_Hips-Interpolations"><Name_array id="mixamorig_Hips-Interpolations-array" count="72">
 LINEAR LINEAR LINEAR LINEAR LINEAR LINEAR LINEAR LINEAR LINEAR LINEAR LINEAR
LINEAR LINEAR LINEAR LINEAR LINEAR LINEAR LINEAR LINEAR LINEAR LINEAR LINEAR LINEAR
LINEAR LINEAR LINEAR LINEAR LINEAR LINEAR LINEAR LINEAR LINEAR LINEAR LINEAR LINEAR
LINEAR LINEAR LINEAR LINEAR LINEAR LINEAR LINEAR LINEAR LINEAR LINEAR LINEAR LINEAR
LINEAR LINEAR LINEAR LINEAR LINEAR LINEAR LINEAR LINEAR LINEAR LINEAR LINEAR LINEAR
LINEAR LINEAR LINEAR LINEAR LINEAR LINEAR LINEAR LINEAR LINEAR LINEAR LINEAR LINEAR
LINEAR</Name_array><technique_common><accessor source="#mixamorig_Hips-Interpolations-array" count="72"><param type="name"/></accessor></technique_common></source><sampler id="mixamorig_Hips-Matrix-animation-transform"><input semantic="INPUT" source="#mixamorig_Hips-Matrix-animation-input"/><input semantic="OUTPUT" source="#mixamorig_Hips-Matrix-animation-output-transform"/><input semantic="INTERPOLATION" source="#mixamorig_Hips-Interpolations"/></sampler><channel source="#mixamorig_Hips-Matrix-animation-transform" target="mixamorig_Hips/matrix"/></animation>
    <animation id="mixamorig_Spine-anim" name="mixamorig_Spine"><source id="mixamorig_Spine-Matrix-animation-input"><float_array id="mixamorig_Spine-Matrix-animation-input-array" count="72">

0.000000 0.033333 0.066667 0.100000 0.133333 0.166667 0.200000 0.233333 0.266667 0.300000 0.333333 0.366667 0.400000 0.433333 0.466667 0.500000
0.533333 0.566667 0.600000 0.633333 0.666667 0.700000 0.733333 0.766667 0.800000 0.833333 0.866667 0.900000 0.933333 0.966667 1.000000 1.033333
1.066667 1.100000 1.133333 1.166667 1.200000 1.233333 1.266667 1.300000 1.333333 1.366667 1.400000 1.433333 1.466667 1.500000 1.533333 1.566667
1.600000 1.633333 1.666667 1.700000 1.733333 1.766667 1.800000 1.833333 1.866667 1.900000 1.933333 1.966667 2.000000 2.033333 2.066667 2.100000
2.133333 2.166667 2.200000 2.233333 2.266667 2.300000 2.333333 2.366667</float_array><technique_common><accessor source="#mixamorig_Spine-Matrix-animation-input-array" count="72"><param name="TIME" type="float"/></accessor></technique_common></source><source id="mixamorig_Spine-Matrix-animation-output-transform"><float_array id="mixamorig_Spine-Matrix-animation-output-transform-array" count="1152">

0.997107 0.075761 -0.006118 0.005100 -0.074745 0.962743 -0.259884 8.712000 -0.013799 0.259589 0.965621 -0.691000 0.000000 0.000000 0.000000 1.000000
0.997235 0.074123 -0.005240 0.005100 -0.071912 0.944912 -0.319327 8.712000 -0.018718 0.318821 0.947630 -0.691000 0.000000 0.000000 0.000000 1.000000
0.994906 0.100768 -0.002793 0.005100 -0.097406 0.953833 -0.284105 8.712000 -0.025965 0.282929 0.958789 -0.691000 0.000000 0.000000 0.000000 1.000000
0.996851 0.079043 0.006352 0.005100 -0.076113 0.976219 -0.202986 8.712000 -0.022246 0.201863 0.979161 -0.691000 0.000000 0.000000 0.000000 1.000000
0.999558 0.028039 0.009898 0.005100 -0.026611 0.992057 -0.122942 8.712000 -0.013266 0.122624 0.992365 -0.691000 0.000000 0.000000 0.000000 1.000000
0.999774 0.020402 -0.005969 0.005100 -0.020922 0.994106 -0.106373 8.712000 0.003764 0.106473 0.994308 -0.691000 0.000000 0.000000 0.000000 1.000000
0.999704 0.019503 -0.014530 0.005100 -0.020685 0.996067 -0.086153 8.712000 0.012792 0.086428 0.996176 -0.691000 0.000000 0.000000 0.000000 1.000000
0.999749 0.014084 -0.017403 0.005100 -0.015299 0.997300 -0.071821 8.712000 0.016345 0.072069 0.997266 -0.691000 0.000000 0.000000 0.000000 1.000000
0.999926 -0.000047 -0.012197 0.005100 -0.000854 0.997271 -0.073820 8.712000 0.012168 0.073825 0.997197 -0.691000 0.000000 0.000000 0.000000 1.000000
0.999947 -0.009933 -0.002856 0.005100 0.009682 0.996933 -0.077657 8.712000 0.003619 0.077625 0.996976 -0.691000 0.000000 0.000000 0.000000 1.000000
0.999805 -0.018983 0.005491 0.005100 0.019365 0.996542 -0.080806 8.712000 -0.003938 0.080897 0.996715 -0.691000 0.000000 0.000000 0.000000 1.000000
0.999532 -0.027083 0.014196 0.005100 0.028158 0.996240 -0.081933 8.712000 -0.011923 0.082295 0.996537 -0.691000 0.000000 0.000000 0.000000 1.000000
0.999274 -0.033026 0.018999 0.005100 0.034427 0.996291 -0.078861 8.712000 -0.016324 0.079458 0.996705 -0.691000 0.000000 0.000000 0.000000 1.000000
0.999328 -0.031098 0.019418 0.005100 0.032369 0.997091 -0.069001 8.712000 -0.017216 0.069583 0.997428 -0.691000 0.000000 0.000000 0.000000 1.000000
0.999409 -0.027889 0.020113 0.005100 0.029015 0.997889 -0.058102 8.712000 -0.018450 0.058651 0.998108 -0.691000 0.000000 0.000000 0.000000 1.000000
0.999513 -0.021639 0.022478 0.005100 0.022980 0.997860 -0.061222 8.712000 -0.021105 0.061709 0.997871 -0.691000 0.000000 0.000000 0.000000 1.000000
0.999627 -0.015291 0.022643 0.005100 0.016845 0.997397 -0.070112 8.712000 -0.021512 0.070467 0.997282 -0.691000 0.000000 0.000000 0.000000 1.000000
0.999695 -0.007291 0.023590 0.005100 0.009006 0.997259 -0.073441 8.712000 -0.022989 0.073631 0.997021 -0.691000 0.000000 0.000000 0.000000 1.000000
0.999696 -0.001398 0.024609 0.005100 0.003233 0.997200 -0.074704 8.712000 -0.024436 0.074761 0.996902 -0.691000 0.000000 0.000000 0.000000 1.000000
0.999632 0.009564 0.025397 0.005100 -0.007580 0.996992 -0.077136 8.712000 -0.026058 0.076915 0.996697 -0.691000 0.000000 0.000000 0.000000 1.000000
0.999388 0.022069 0.027126 0.005100 -0.019835 0.996594 -0.080041 8.712000 -0.028800 0.079454 0.996422 -0.691000 0.000000 0.000000 0.000000 1.000000
0.999025 0.032693 0.029652 0.005100 -0.030339 0.996598 -0.076631 8.712000 -0.032056 0.075657 0.996619 -0.691000 0.000000 0.000000 0.000000 1.000000
0.998585 0.041907 0.032741 0.005100 -0.039696 0.997064 -0.065482 8.712000 -0.035389 0.064090 0.997316 -0.691000 0.000000 0.000000 0.000000 1.000000
0.997901 0.053230 0.036886 0.005100 -0.051440 0.997527 -0.047884 8.712000 -0.039344 0.045886 0.998172 -0.691000 0.000000 0.000000 0.000000 1.000000
0.997321 0.061146 0.040160 0.005100 -0.059909 0.997713 -0.031314 8.712000 -0.041983 0.028824 0.998702 -0.691000 0.000000 0.000000 0.000000 1.000000
0.996991 0.065361 0.041671 0.005100 -0.064728 0.997769 -0.016359 8.712000 -0.042648 0.013613 0.998997 -0.691000 0.000000 0.000000 0.000000 1.000000
0.996757 0.067257 0.044183 0.005100 -0.067407 0.997724 0.001922 8.712000 -0.043954 -0.004894 0.999022 -0.691000 0.000000 0.000000 0.000000 1.000000
0.996779 0.065370 0.046461 0.005100 -0.066428 0.997558 0.021583 8.712000 -0.044937 -0.024600 0.998687 -0.691000 0.000000 0.000000 0.000000 1.000000
0.997072 0.059424 0.048121 0.005100 -0.061608 0.997073 0.045265 8.712000 -0.045290 -0.048098 0.997815 -0.691000 0.000000 0.000000 0.000000 1.000000
0.997532 0.048388 0.050878 0.005100 -0.051752 0.996408 0.067035 8.712000 -0.047452 -0.069503 0.996453 -0.691000 0.000000 0.000000 0.000000 1.000000
0.997865 0.037135 0.053731 0.005100 -0.041450 0.995807 0.081552 8.712000 -0.050477 -0.083605 0.995220 -0.691000 0.000000 0.000000 0.000000 1.000000
0.998010 0.025086 0.057855 0.005100 -0.030270 0.995432 0.090543 8.712000 -0.055319 -0.092114 0.994211 -0.691000 0.000000 0.000000 0.000000 1.000000
0.998019 0.008187 0.062379 0.005100 -0.013904 0.995682 0.091780 8.712000 -0.061358 -0.092465 0.993824 -0.691000 0.000000 0.000000 0.000000 1.000000
0.997791 -0.010309 0.065629 0.005100 0.004449 0.996038 0.088817 8.712000 -0.066284 -0.088329 0.993884 -0.691000 0.000000 0.000000 0.000000 1.000000
0.997037 -0.035236 0.068373 0.005100 0.029877 0.996516 0.077868 8.712000 -0.070879 -0.075595 0.994616 -0.691000 0.000000 0.000000 0.000000 1.000000
0.996256 -0.054519 0.067088 0.005100 0.050257 0.996706 0.063652 8.712000 -0.070337 -0.060042 0.995715 -0.691000 0.000000 0.000000 0.000000 1.000000
0.995579 -0.069700 0.062968 0.005100 0.066702 0.996592 0.048532 8.712000 -0.066136 -0.044117 0.996835 -0.691000 0.000000 0.000000 0.000000 1.000000
0.995045 -0.082123 0.056051 0.005100 0.080180 0.996127 0.036081 8.712000 -0.058797 -0.031408 0.997776 -0.691000 0.000000 0.000000 0.000000 1.000000
0.994942 -0.086030 0.051863 0.005100 0.085187 0.996198 0.018253 8.712000 -0.053236 -0.013742 0.998487 -0.691000 0.000000 0.000000 0.000000 1.000000
0.995530 -0.078360 0.052715 0.005100 0.078787 0.996873 -0.006074 8.712000 -0.052074 0.010200 0.998591 -0.691000 0.000000 0.000000 0.000000 1.000000
0.996549 -0.062540 0.054580 0.005100 0.064063 0.997591 -0.026612 8.712000 -0.052784 0.030017 0.998155 -0.691000 0.000000 0.000000 0.000000 1.000000
0.997909 -0.033748 0.055132 0.005100 0.036410 0.998183 -0.048019 8.712000 -0.053411 0.049926 0.997324 -0.691000 0.000000 0.000000 0.000000 1.000000
0.997958 -0.033923 0.054124 0.005100 0.038781 0.995059 -0.091393 8.712000 -0.050756 0.093305 0.994343 -0.691000 0.000000 0.000000 0.000000 1.000000
0.994298 -0.079006 0.071618 0.005100 0.089550 0.983282 -0.158550 8.712000 -0.057894 0.164059 0.984750 -0.691000 0.000000 0.000000 0.000000 1.000000
0.987758 -0.119928 0.099759 0.005100 0.136567 0.973871 -0.181450 8.712000 -0.075392 0.192853 0.978327 -0.691000 0.000000 0.000000 0.000000 1.000000
0.988067 -0.103013 0.114505 0.005100 0.124085 0.972811 -0.195552 8.712000 -0.091248 0.207427 0.973986 -0.691000 0.000000 0.000000 0.000000 1.000000
0.983562 -0.124703 0.130593 0.005100 0.147239 0.972537 -0.180258 8.712000 -0.104528 0.196523 0.974912 -0.691000 0.000000 0.000000 0.000000 1.000000
0.971619 -0.154986 0.178704 0.005100 0.176868 0.977639 -0.113752 8.712000 -0.157078 0.142131 0.977305 -0.691000 0.000000 0.000000 0.000000 1.000000
0.970584 -0.127593 0.204173 0.005100 0.143638 0.987444 -0.065738 8.712000 -0.193221 0.093131 0.976725 -0.691000 0.000000 0.000000 0.000000 1.000000
0.987839 -0.126104 0.090947 0.005100 0.131277 0.989911 -0.053312 8.712000 -0.083307 0.064603 0.994428 -0.691000 0.000000 0.000000 0.000000 1.000000
0.999622 -0.009743 0.025696 0.005100 0.009504 0.999911 0.009389 8.712000 -0.025785 -0.009141 0.999626 -0.691000 0.000000 0.000000 0.000000 1.000000
0.991740 0.125266 0.027571 0.005100 -0.125487 0.992075 0.006402 8.712000 -0.026551 -0.009809 0.999599 -0.691000 0.000000 0.000000 0.000000 1.000000
0.979331 0.200451 0.027029 0.005100 -0.200282 0.979698 -0.008873 8.712000 -0.028259 0.003276 0.999595 -0.691000 0.000000 0.000000 0.000000 1.000000
0.966716 0.254799 0.023172 0.005100 -0.254738 0.966994 -0.005570 8.712000 -0.023827 -0.000518 0.999716 -0.691000 0.000000 0.000000 0.000000 1.000000
0.965128 0.261481 0.012461 0.005100 -0.261315 0.965159 -0.013514 8.712000 -0.015560 0.009787 0.999831 -0.691000 0.000000 0.000000 0.000000 1.000000
0.974709 0.223311 -0.008627 0.005100 -0.222980 0.974389 0.029090 8.712000 0.014902 -0.026431 0.999540 -0.691000 0.000000 0.000000 0.000000 1.000000
0.983743 0.176983 -0.030450 0.005100 -0.173096 0.979638 0.101722 8.712000 0.047834 -0.094798 0.994347 -0.691000 0.000000 0.000000 0.000000 1.000000
0.987427 0.153263 -0.038703 0.005100 -0.147800 0.981977 0.117794 8.712000 0.056059 -0.110592 0.992284 -0.691000 0.000000 0.000000 0.000000 1.000000
0.990032 0.134819 -0.040760 0.005100 -0.130008 0.986069 0.103755 8.712000 0.054181 -0.097421 0.993767 -0.691000 0.000000 0.000000 0.000000 1.000000
0.991640 0.122833 -0.039526 0.005100 -0.120020 0.990504 0.067061 8.712000 0.047388 -0.061756 0.996966 -0.691000 0.000000 0.000000 0.000000 1.000000
0.991977 0.120355 -0.038682 0.005100 -0.119123 0.992340 0.032722 8.712000 0.042324 -0.027851 0.998716 -0.691000 0.000000 0.000000 0.000000 1.000000
0.992710 0.113241 -0.041280 0.005100 -0.113457 0.993539 -0.002913 8.712000 0.040683 0.007575 0.999143 -0.691000 0.000000 0.000000 0.000000 1.000000
0.993957 0.101510 -0.041787 0.005100 -0.103454 0.993507 -0.047336 8.712000 0.036711 0.051373 0.998005 -0.691000 0.000000 0.000000 0.000000 1.000000
0.996525 0.075099 -0.036033 0.005100 -0.078267 0.992248 -0.096535 8.712000 0.028504 0.099020 0.994677 -0.691000 0.000000 0.000000 0.000000 1.000000
0.998328 0.051243 -0.026743 0.005100 -0.054311 0.989953 -0.130549 8.712000 0.019784 0.131783 0.991081 -0.691000 0.000000 0.000000 0.000000 1.000000
0.999495 0.027358 -0.016140 0.005100 -0.029125 0.992107 -0.121968 8.712000 0.012675 0.122377 0.992403 -0.691000 0.000000 0.000000 0.000000 1.000000
0.999664 0.024871 -0.007334 0.005100 -0.025402 0.996114 -0.084329 8.712000 0.005209 0.084487 0.996411 -0.691000 0.000000 0.000000 0.000000 1.000000
0.999074 0.043022 0.000736 0.005100 -0.042956 0.998240 -0.040877 8.712000 -0.002493 0.040807 0.999164 -0.691000 0.000000 0.000000 0.000000 1.000000
0.998513 0.054202 0.005864 0.005100 -0.054049 0.998257 -0.023702 8.712000 -0.007138 0.023350 0.999702 -0.691000 0.000000 0.000000 0.000000 1.000000
0.998833 0.047502 0.008708 0.005100 -0.047218 0.998422 -0.030383 8.712000 -0.010138 0.029936 0.999500 -0.691000 0.000000 0.000000 0.000000 1.000000
0.999183 0.038731 0.011505 0.005100 -0.038194 0.998314 -0.043698 8.712000 -0.013178 0.043223 0.998979 -0.691000 0.000000 0.000000 0.000000 1.000000
0.999461 0.030966 0.010888 0.005100 -0.030275 0.997815 -0.058734 8.712000 -0.012683 0.058372 0.998214 -0.691000 0.000000 0.000000 0.000000 1.000000</float_array><technique_common><accessor source="#mixamorig_Spine-Matrix-animation-output-transform-array" count="72" stride="16"><param type="float4x4"/></accessor></technique_common></source><source id="mixamorig_Spine-Interpolations"><Name_array id="mixamorig_Spine-Interpolations-array" count="72">
 LINEAR LINEAR LINEAR LINEAR LINEAR LINEAR LINEAR LINEAR LINEAR LINEAR LINEAR
LINEAR LINEAR LINEAR LINEAR LINEAR LINEAR LINEAR LINEAR LINEAR LINEAR LINEAR LINEAR
LINEAR LINEAR LINEAR LINEAR LINEAR LINEAR LINEAR LINEAR LINEAR LINEAR LINEAR LINEAR
LINEAR LINEAR LINEAR LINEAR LINEAR LINEAR LINEAR LINEAR LINEAR LINEAR LINEAR LINEAR
LINEAR LINEAR LINEAR LINEAR LINEAR LINEAR LINEAR LINEAR LINEAR LINEAR LINEAR LINEAR
LINEAR LINEAR LINEAR LINEAR LINEAR LINEAR LINEAR LINEAR LINEAR LINEAR LINEAR LINEAR
LINEAR</Name_array><technique_common><accessor source="#mixamorig_Spine-Interpolations-array" count="72"><param type="name"/></accessor></technique_common></source><sampler id="mixamorig_Spine-Matrix-animation-transform"><input semantic="INPUT" source="#mixamorig_Spine-Matrix-animation-input"/><input semantic="OUTPUT" source="#mixamorig_Spine-Matrix-animation-output-transform"/><input semantic="INTERPOLATION" source="#mixamorig_Spine-Interpolations"/></sampler><channel source="#mixamorig_Spine-Matrix-animation-transform" target="mixamorig_Spine/matrix"/></animation>
    <animation id="mixamorig_Spine1-anim" name="mixamorig_Spine1"><source id="mixamorig_Spine1-Matrix-animation-input"><float_array id="mixamorig_Spine1-Matrix-animation-input-array" count="72">

0.000000 0.033333 0.066667 0.100000 0.133333 0.166667 0.200000 0.233333 0.266667 0.300000 0.333333 0.366667 0.400000 0.433333 0.466667 0.500000
0.533333 0.566667 0.600000 0.633333 0.666667 0.700000 0.733333 0.766667 0.800000 0.833333 0.866667 0.900000 0.933333 0.966667 1.000000 1.033333
1.066667 1.100000 1.133333 1.166667 1.200000 1.233333 1.266667 1.300000 1.333333 1.366667 1.400000 1.433333 1.466667 1.500000 1.533333 1.566667
1.600000 1.633333 1.666667 1.700000 1.733333 1.766667 1.800000 1.833333 1.866667 1.900000 1.933333 1.966667 2.000000 2.033333 2.066667 2.100000
2.133333 2.166667 2.200000 2.233333 2.266667 2.300000 2.333333 2.366667</float_array><technique_common><accessor source="#mixamorig_Spine1-Matrix-animation-input-array" count="72"><param name="TIME" type="float"/></accessor></technique_common></source><source id="mixamorig_Spine1-Matrix-animation-output-transform"><float_array id="mixamorig_Spine1-Matrix-animation-output-transform-array" count="1152">

0.998759 0.048816 0.009842 -0.009200 -0.047557 0.993615 -0.102309 8.660300 -0.014773 0.101714 0.994704 -1.275000 0.000000 0.000000 0.000000 1.000000
0.998182 0.058340 0.015168 -0.009200 -0.054328 0.979706 -0.192936 8.660300 -0.026116 0.191761 0.981094 -1.275000 0.000000 0.000000 0.000000 1.000000
0.995227 0.091529 0.033859 -0.009200 -0.083246 0.977276 -0.194942 8.660300 -0.050933 0.191193 0.980230 -1.275000 0.000000 0.000000 0.000000 1.000000
0.994782 0.094257 0.039038 -0.009200 -0.087218 0.984230 -0.153895 8.660300 -0.052928 0.149687 0.987316 -1.275000 0.000000 0.000000 0.000000 1.000000
0.997303 0.068909 0.025250 -0.009200 -0.065778 0.991879 -0.108859 8.660300 -0.032546 0.106904 0.993736 -1.275000 0.000000 0.000000 0.000000 1.000000
0.999925 0.011054 -0.005194 -0.009200 -0.011379 0.997664 -0.067359 8.660300 0.004437 0.067413 0.997715 -1.275000 0.000000 0.000000 0.000000 1.000000
0.999535 -0.025601 -0.016575 -0.009200 0.024645 0.998154 -0.055507 8.660300 0.017966 0.055072 0.998321 -1.275000 0.000000 0.000000 0.000000 1.000000
0.998815 -0.043614 -0.021594 -0.009200 0.042493 0.997849 -0.049915 8.660300 0.023725 0.048938 0.998520 -1.275000 0.000000 0.000000 0.000000 1.000000
0.998546 -0.050185 -0.019660 -0.009200 0.049156 0.997553 -0.049717 8.660300 0.022107 0.048678 0.998570 -1.275000 0.000000 0.000000 0.000000 1.000000
0.998594 -0.052200 -0.009264 -0.009200 0.051678 0.997428 -0.049665 8.660300 0.011832 0.049117 0.998723 -1.275000 0.000000 0.000000 0.000000 1.000000
0.998879 -0.047327 -0.000335 -0.009200 0.047244 0.997510 -0.052367 8.660300 0.002812 0.052293 0.998628 -1.275000 0.000000 0.000000 0.000000 1.000000
0.999071 -0.041968 0.009835 -0.009200 0.042434 0.997677 -0.053294 8.660300 -0.007576 0.053662 0.998530 -1.275000 0.000000 0.000000 0.000000 1.000000
0.999142 -0.038030 0.016387 -0.009200 0.038948 0.997444 -0.059907 8.660300 -0.014067 0.060494 0.998069 -1.275000 0.000000 0.000000 0.000000 1.000000
0.998971 -0.039908 0.021563 -0.009200 0.041305 0.996778 -0.068761 8.660300 -0.018749 0.069580 0.997400 -1.275000 0.000000 0.000000 0.000000 1.000000
0.998806 -0.038720 0.029799 -0.009200 0.041159 0.995432 -0.086141 8.660300 -0.026328 0.087265 0.995837 -1.275000 0.000000 0.000000 0.000000 1.000000
0.998365 -0.043519 0.037052 -0.009200 0.046951 0.994130 -0.097470 8.660300 -0.032592 0.099050 0.994549 -1.275000 0.000000 0.000000 0.000000 1.000000
0.998068 -0.049468 0.037588 -0.009200 0.053211 0.992927 -0.106135 8.660300 -0.032072 0.107930 0.993641 -1.275000 0.000000 0.000000 0.000000 1.000000
0.997790 -0.051031 0.042554 -0.009200 0.055845 0.991090 -0.120921 8.660300 -0.036004 0.123030 0.991750 -1.275000 0.000000 0.000000 0.000000 1.000000
0.997557 -0.051569 0.047133 -0.009200 0.057570 0.988981 -0.136393 8.660300 -0.039580 0.138774 0.989533 -1.275000 0.000000 0.000000 0.000000 1.000000
0.997412 -0.049640 0.052002 -0.009200 0.057141 0.986351 -0.154425 8.660300 -0.043626 0.156997 0.986635 -1.275000 0.000000 0.000000 0.000000 1.000000
0.997421 -0.043314 0.057230 -0.009200 0.052476 0.984086 -0.169766 8.660300 -0.048966 0.172331 0.983821 -1.275000 0.000000 0.000000 0.000000 1.000000
0.997388 -0.034125 0.063653 -0.009200 0.045309 0.981973 -0.183508 8.660300 -0.056244 0.185913 0.980955 -1.275000 0.000000 0.000000 0.000000 1.000000
0.997190 -0.023144 0.071244 -0.009200 0.036758 0.979878 -0.196186 8.660300 -0.065270 0.198253 0.977975 -1.275000 0.000000 0.000000 0.000000 1.000000
0.996597 -0.013489 0.081316 -0.009200 0.030330 0.977318 -0.209594 8.660300 -0.076644 0.211347 0.974401 -1.275000 0.000000 0.000000 0.000000 1.000000
0.996274 0.002585 0.086205 -0.009200 0.016558 0.975223 -0.220602 8.660300 -0.084639 0.221207 0.971547 -1.275000 0.000000 0.000000 0.000000 1.000000
0.996069 0.025058 0.084959 -0.009200 -0.005022 0.973584 -0.228273 8.660300 -0.088435 0.226949 0.969883 -1.275000 0.000000 0.000000 0.000000 1.000000
0.995274 0.046908 0.085026 -0.009200 -0.025544 0.971221 -0.236808 8.660300 -0.093687 0.233517 0.967829 -1.275000 0.000000 0.000000 0.000000 1.000000
0.994246 0.067562 0.083124 -0.009200 -0.045582 0.969091 -0.242455 8.660300 -0.096935 0.237271 0.966595 -1.275000 0.000000 0.000000 0.000000 1.000000
0.992923 0.089082 0.078541 -0.009200 -0.067597 0.967674 -0.242976 8.660300 -0.097647 0.235947 0.966847 -1.275000 0.000000 0.000000 0.000000 1.000000
0.991344 0.106994 0.076094 -0.009200 -0.086318 0.967835 -0.236313 8.660300 -0.098931 0.227699 0.968693 -1.275000 0.000000 0.000000 0.000000 1.000000
0.990147 0.118575 0.074485 -0.009200 -0.099099 0.969183 -0.225529 8.660300 -0.098932 0.215926 0.971385 -1.275000 0.000000 0.000000 0.000000 1.000000
0.989660 0.120786 0.077360 -0.009200 -0.102399 0.972620 -0.208626 8.660300 -0.100441 0.198547 0.974931 -1.275000 0.000000 0.000000 0.000000 1.000000
0.989232 0.122511 0.080065 -0.009200 -0.105015 0.975219 -0.194731 8.660300 -0.101938 0.184226 0.977583 -1.275000 0.000000 0.000000 0.000000 1.000000
0.990175 0.112235 0.083402 -0.009200 -0.095291 0.978119 -0.184939 8.660300 -0.102334 0.175174 0.979205 -1.275000 0.000000 0.000000 0.000000 1.000000
0.991818 0.094670 0.085647 -0.009200 -0.078201 0.980818 -0.178550 8.660300 -0.100907 0.170391 0.980196 -1.275000 0.000000 0.000000 0.000000 1.000000
0.993763 0.075164 0.082371 -0.009200 -0.059391 0.981958 -0.179528 8.660300 -0.094379 0.173516 0.980298 -1.275000 0.000000 0.000000 0.000000 1.000000
0.995419 0.058682 0.075481 -0.009200 -0.044194 0.982488 -0.181009 8.660300 -0.084782 0.176844 0.980581 -1.275000 0.000000 0.000000 0.000000 1.000000
0.996655 0.045873 0.067636 -0.009200 -0.032892 0.982774 -0.181862 8.660300 -0.074813 0.179029 0.980995 -1.275000 0.000000 0.000000 0.000000 1.000000
0.997318 0.037507 0.062847 -0.009200 -0.025371 0.982632 -0.183824 8.660300 -0.068650 0.181737 0.980948 -1.275000 0.000000 0.000000 0.000000 1.000000
0.997678 0.025710 0.063075 -0.009200 -0.013941 0.983501 -0.180364 8.660300 -0.066671 0.179065 0.981576 -1.275000 0.000000 0.000000 0.000000 1.000000
0.997790 0.015198 0.064682 -0.009200 -0.004152 0.985846 -0.167601 8.660300 -0.066314 0.166962 0.983731 -1.275000 0.000000 0.000000 0.000000 1.000000
0.997810 0.009339 0.065478 -0.009200 0.000990 0.987761 -0.155974 8.660300 -0.066133 0.155697 0.985589 -1.275000 0.000000 0.000000 0.000000 1.000000
0.998489 0.001009 0.054937 -0.009200 0.007035 0.989254 -0.146036 8.660300 -0.054494 0.146202 0.987753 -1.275000 0.000000 0.000000 0.000000 1.000000
0.998287 -0.009314 0.057761 -0.009200 0.017555 0.989443 -0.143852 8.660300 -0.055812 0.144620 0.987912 -1.275000 0.000000 0.000000 0.000000 1.000000
0.995989 0.001853 0.089454 -0.009200 0.010844 0.989915 -0.141248 8.660300 -0.088814 0.141651 0.985924 -1.275000 0.000000 0.000000 0.000000 1.000000
0.992797 0.021894 0.117787 -0.009200 -0.004569 0.989365 -0.145385 8.660300 -0.119717 0.143800 0.982339 -1.275000 0.000000 0.000000 0.000000 1.000000
0.988161 0.043209 0.147211 -0.009200 -0.019061 0.986663 -0.161657 8.660300 -0.152233 0.156937 0.975805 -1.275000 0.000000 0.000000 0.000000 1.000000
0.966872 0.007059 0.255165 -0.009200 0.019488 0.994659 -0.101364 8.660300 -0.254518 0.102978 0.961570 -1.275000 0.000000 0.000000 0.000000 1.000000
0.932097 -0.078585 0.353582 -0.009200 0.076594 0.996869 0.019645 8.660300 -0.354019 0.008771 0.935197 -1.275000 0.000000 0.000000 0.000000 1.000000
0.988998 -0.076379 0.126687 -0.009200 0.087523 0.992541 -0.084859 8.660300 -0.119261 0.095014 0.988306 -1.275000 0.000000 0.000000 0.000000 1.000000
0.996385 -0.084249 0.010899 -0.009200 0.084907 0.991753 -0.095999 8.660300 -0.002722 0.096578 0.995322 -1.275000 0.000000 0.000000 0.000000 1.000000
0.996488 -0.080110 -0.024352 -0.009200 0.078260 0.994523 -0.069274 8.660300 0.029769 0.067125 0.997300 -1.275000 0.000000 0.000000 0.000000 1.000000
0.994477 -0.091760 -0.050955 -0.009200 0.088722 0.994308 -0.058997 8.660300 0.056078 0.054150 0.996957 -1.275000 0.000000 0.000000 0.000000 1.000000
0.990673 -0.114664 -0.073617 -0.009200 0.108455 0.990594 -0.083439 8.660300 0.082492 0.074677 0.993790 -1.275000 0.000000 0.000000 0.000000 1.000000
0.986839 -0.131378 -0.094285 -0.009200 0.118169 0.983891 -0.134143 8.660300 0.110389 0.121236 0.986466 -1.275000 0.000000 0.000000 0.000000 1.000000
0.984892 -0.134007 -0.109678 -0.009200 0.112674 0.976866 -0.181761 8.660300 0.131498 0.166657 0.977207 -1.275000 0.000000 0.000000 0.000000 1.000000
0.985555 -0.127384 -0.111601 -0.009200 0.101049 0.971128 -0.216100 8.660300 0.135907 0.201701 0.969972 -1.275000 0.000000 0.000000 0.000000 1.000000
0.988025 -0.118942 -0.098283 -0.009200 0.093956 0.969064 -0.228228 8.660300 0.122388 0.216261 0.968634 -1.275000 0.000000 0.000000 0.000000 1.000000
0.989947 -0.113180 -0.084825 -0.009200 0.091286 0.969362 -0.228046 8.660300 0.108037 0.218010 0.969948 -1.275000 0.000000 0.000000 0.000000 1.000000
0.991400 -0.108565 -0.073076 -0.009200 0.089528 0.969920 -0.226362 8.660300 0.095453 0.217873 0.971298 -1.275000 0.000000 0.000000 0.000000 1.000000
0.992632 -0.101622 -0.065987 -0.009200 0.084453 0.970781 -0.224613 8.660300 0.086885 0.217385 0.972211 -1.275000 0.000000 0.000000 0.000000 1.000000
0.993523 -0.093505 -0.064572 -0.009200 0.077680 0.973600 -0.214638 8.660300 0.082937 0.208232 0.974557 -1.275000 0.000000 0.000000 0.000000 1.000000
0.994258 -0.087013 -0.062284 -0.009200 0.073040 0.977222 -0.199254 8.660300 0.078202 0.193561 0.977966 -1.275000 0.000000 0.000000 0.000000 1.000000
0.994751 -0.087469 -0.053106 -0.009200 0.076464 0.980269 -0.182280 8.660300 0.068002 0.177263 0.981811 -1.275000 0.000000 0.000000 0.000000 1.000000
0.995111 -0.091073 -0.038215 -0.009200 0.083694 0.983019 -0.163306 8.660300 0.052439 0.159309 0.985835 -1.275000 0.000000 0.000000 0.000000 1.000000
0.996055 -0.086246 -0.020902 -0.009200 0.082265 0.985707 -0.147019 8.660300 0.033283 0.144720 0.988913 -1.275000 0.000000 0.000000 0.000000 1.000000
0.996750 -0.080381 -0.005249 -0.009200 0.078973 0.987970 -0.132959 8.660300 0.015873 0.132112 0.991108 -1.275000 0.000000 0.000000 0.000000 1.000000
0.996719 -0.080435 0.009026 -0.009200 0.080938 0.989551 -0.119325 8.660300 0.000666 0.119664 0.992814 -1.275000 0.000000 0.000000 0.000000 1.000000
0.996549 -0.081243 0.017010 -0.009200 0.082655 0.990079 -0.113629 8.660300 -0.007610 0.114643 0.993378 -1.275000 0.000000 0.000000 0.000000 1.000000
0.996534 -0.080878 0.019486 -0.009200 0.082536 0.990527 -0.109748 8.660300 -0.010425 0.110976 0.993768 -1.275000 0.000000 0.000000 0.000000 1.000000
0.996664 -0.078597 0.021980 -0.009200 0.080445 0.991493 -0.102319 8.660300 -0.013751 0.103746 0.994509 -1.275000 0.000000 0.000000 0.000000 1.000000
0.997136 -0.072993 0.019812 -0.009200 0.074557 0.992657 -0.095254 8.660300 -0.012714 0.096458 0.995256 -1.275000 0.000000 0.000000 0.000000 1.000000</float_array><technique_common><accessor source="#mixamorig_Spine1-Matrix-animation-output-transform-array" count="72" stride="16"><param type="float4x4"/></accessor></technique_common></source><source id="mixamorig_Spine1-Interpolations"><Name_array id="mixamorig_Spine1-Interpolations-array" count="72">
 LINEAR LINEAR LINEAR LINEAR LINEAR LINEAR LINEAR LINEAR LINEAR LINEAR LINEAR
LINEAR LINEAR LINEAR LINEAR LINEAR LINEAR LINEAR LINEAR LINEAR LINEAR LINEAR LINEAR
LINEAR LINEAR LINEAR LINEAR LINEAR LINEAR LINEAR LINEAR LINEAR LINEAR LINEAR LINEAR
LINEAR LINEAR LINEAR LINEAR LINEAR LINEAR LINEAR LINEAR LINEAR LINEAR LINEAR LINEAR
LINEAR LINEAR LINEAR LINEAR LINEAR LINEAR LINEAR LINEAR LINEAR LINEAR LINEAR LINEAR
LINEAR LINEAR LINEAR LINEAR LINEAR LINEAR LINEAR LINEAR LINEAR LINEAR LINEAR LINEAR
