<?xml version="1.0" encoding="utf-8"?>
<COLLADA xmlns="http://www.collada.org/2005/11/COLLADASchema" version="1.4.1">
  <asset><contributor><author>Mixamo</author><authoring_tool>COLLADA Mixamo exporter</authoring_tool><comments></comments></contributor><created>2019-05-04T22:31:13Z</created><modified>2019-05-04T22:31:13Z</modified><revision></revision><title></title><unit meter="0.010000"/><up_axis>Y_UP</up_axis></asset>
  <library_animations>
    <animation id="mixamorig_Hips-anim" name="mixamorig_Hips"><source id="mixamorig_Hips-Matrix-animation-input"><float_array id="mixamorig_Hips-Matrix-animation-input-array" count="237">

0.000000 0.033333 0.066667 0.100000 0.133333 0.166667 0.200000 0.233333 0.266667 0.300000 0.333333 0.366667 0.400000 0.433333 0.466667 0.500000
0.533333 0.566667 0.600000 0.633333 0.666667 0.700000 0.733333 0.766667 0.800000 0.833333 0.866667 0.900000 0.933333 0.966667 1.000000 1.033333
1.066667 1.100000 1.133333 1.166667 1.200000 1.233333 1.266667 1.300000 1.333333 1.366667 1.400000 1.433333 1.466667 1.500000 1.533333 1.566667
1.600000 1.633333 1.666667 1.700000 1.733333 1.766667 1.800000 1.833333 1.866667 1.900000 1.933333 1.966667 2.000000 2.033333 2.066667 2.100000
2.133333 2.166667 2.200000 2.233333 2.266667 2.300000 2.333333 2.366667 2.400000 2.433333 2.466667 2.500000 2.533333 2.566667 2.600000 2.633333
2.666667 2.700000 2.733333 2.766667 2.800000 2.833333 2.866667 2.900000 2.933333 2.966667 3.000000 3.033333 3.066667 3.100000 3.133333 3.166667
3.200000 3.233333 3.266667 3.300000 3.333333 3.366667 3.400000 3.433333 3.466667 3.500000 3.533333 3.566667 3.600000 3.633333 3.666667 3.700000
3.733333 3.766667 3.800000 3.833333 3.866667 3.900000 3.933333 3.966667 4.000000 4.033333 4.066667 4.100000 4.133333 4.166667 4.200000 4.233333
4.266667 4.300000 4.333333 4.366667 4.400000 4.433333 4.466667 4.500000 4.533333 4.566667 4.600000 4.633333 4.666667 4.700000 4.733333 4.766667
4.800000 4.833333 4.866667 4.900000 4.933333 4.966667 5.000000 5.033333 5.066667 5.100000 5.133333 5.166667 5.200000 5.233333 5.266667 5.300000
5.333333 5.366667 5.400000 5.433333 5.466667 5.500000 5.533333 5.566667 5.600000 5.633333 5.666667 5.700000 5.733333 5.766667 5.800000 5.833333
5.866667 5.900000 5.933333 5.966667 6.000000 6.033333 6.066667 6.100000 6.133333 6.166667 6.200000 6.233333 6.266667 6.300000 6.333333 6.366667
6.400000 6.433333 6.466667 6.500000 6.533333 6.566667 6.600000 6.633333 6.666667 6.700000 6.733333 6.766667 6.800000 6.833333 6.866667 6.900000
6.933333 6.966667 7.000000 7.033333 7.066667 7.100000 7.133333 7.166667 7.200000 7.233333 7.266667 7.300000 7.333333 7.366667 7.400000 7.433333
7.466667 7.500000 7.533333 7.566667 7.600000 7.633333 7.666667 7.700000 7.733333 7.766667 7.800000 7.833333 7.866667</float_array><technique_common><accessor source="#mixamorig_Hips-Matrix-animation-input-array" count="237"><param name="TIME" type="float"/></accessor></technique_common></source><source id="mixamorig_Hips-Matrix-animation-output-transform"><float_array id="mixamorig_Hips-Matrix-animation-output-transform-array" count="3792">

0.996762 -0.064325 0.048244 1.375534 0.061963 0.996877 0.048965 86.611908 -0.051243 -0.045817 0.997635 1.043043 0.000000 0.000000 0.000000 1.000000
0.996759 -0.064943 0.047472 1.362153 0.062619 0.996839 0.048903 86.610947 -0.050497 -0.045772 0.997675 1.043612 0.000000 0.000000 0.000000 1.000000
0.996750 -0.064900 0.047723 1.363082 0.062572 0.996848 0.048767 86.610931 -0.050737 -0.045623 0.997669 1.044663 0.000000 0.000000 0.000000 1.000000
0.996737 -0.064377 0.048683 1.373706 0.062012 0.996890 0.048639 86.611832 -0.051663 -0.045461 0.997629 1.045543 0.000000 0.000000 0.000000 1.000000
0.996714 -0.064205 0.049390 1.384097 0.061803 0.996899 0.048715 86.612198 -0.052365 -0.045503 0.997591 1.045212 0.000000 0.000000 0.000000 1.000000
0.996676 -0.064482 0.049796 1.391591 0.062044 0.996867 0.049059 86.611832 -0.052803 -0.045807 0.997554 1.043129 0.000000 0.000000 0.000000 1.000000
0.996650 -0.064783 0.049922 1.395560 0.062318 0.996830 0.049459 86.611244 -0.052968 -0.046182 0.997528 1.040826 0.000000 0.000000 0.000000 1.000000
0.996656 -0.064737 0.049862 1.396269 0.062265 0.996825 0.049632 86.611084 -0.052916 -0.046361 0.997522 1.040209 0.000000 0.000000 0.000000 1.000000
0.996686 -0.064533 0.049513 1.395579 0.062080 0.996839 0.049571 86.611267 -0.052556 -0.046333 0.997543 1.041645 0.000000 0.000000 0.000000 1.000000
0.996726 -0.064339 0.048958 1.393621 0.061920 0.996856 0.049436 86.611641 -0.051984 -0.046243 0.997577 1.046397 0.000000 0.000000 0.000000 1.000000
0.996762 -0.064048 0.048607 1.389269 0.061652 0.996880 0.049292 86.612175 -0.051613 -0.046136 0.997601 1.056208 0.000000 0.000000 0.000000 1.000000
0.996780 -0.063790 0.048576 1.384337 0.061405 0.996904 0.049112 86.612541 -0.051558 -0.045971 0.997611 1.068354 0.000000 0.000000 0.000000 1.000000
0.996779 -0.063736 0.048679 1.381530 0.061354 0.996916 0.048937 86.612350 -0.051648 -0.045792 0.997615 1.082958 0.000000 0.000000 0.000000 1.000000
0.996766 -0.063745 0.048926 1.381230 0.061355 0.996918 0.048883 86.612328 -0.051891 -0.045723 0.997605 1.102820 0.000000 0.000000 0.000000 1.000000
0.996759 -0.063675 0.049166 1.382914 0.061272 0.996921 0.048939 86.612831 -0.052131 -0.045768 0.997591 1.123995 0.000000 0.000000 0.000000 1.000000
0.996764 -0.063695 0.049033 1.387372 0.061293 0.996915 0.049026 86.613327 -0.052005 -0.045862 0.997593 1.142190 0.000000 0.000000 0.000000 1.000000
0.996777 -0.063994 0.048384 1.394432 0.061617 0.996890 0.049132 86.613373 -0.051378 -0.045992 0.997620 1.159415 0.000000 0.000000 0.000000 1.000000
0.996795 -0.064446 0.047398 1.400558 0.062108 0.996854 0.049248 86.613007 -0.050422 -0.046146 0.997661 1.175276 0.000000 0.000000 0.000000 1.000000
0.996818 -0.064768 0.046469 1.403552 0.062470 0.996828 0.049318 86.612488 -0.049516 -0.046258 0.997702 1.186549 0.000000 0.000000 0.000000 1.000000
0.996839 -0.064824 0.045925 1.404398 0.062552 0.996824 0.049290 86.612167 -0.048975 -0.046261 0.997728 1.193464 0.000000 0.000000 0.000000 1.000000
0.996847 -0.064745 0.045873 1.402911 0.062480 0.996832 0.049206 86.612045 -0.048913 -0.046185 0.997735 1.199464 0.000000 0.000000 0.000000 1.000000
0.996831 -0.064675 0.046311 1.398285 0.062390 0.996839 0.049194 86.612213 -0.049346 -0.046149 0.997715 1.208335 0.000000 0.000000 0.000000 1.000000
0.996795 -0.064644 0.047127 1.392518 0.062316 0.996839 0.049287 86.612473 -0.050165 -0.046193 0.997672 1.219118 0.000000 0.000000 0.000000 1.000000
0.996751 -0.064710 0.047964 1.389959 0.062340 0.996833 0.049365 86.612503 -0.051007 -0.046214 0.997628 1.225826 0.000000 0.000000 0.000000 1.000000
0.996717 -0.064779 0.048560 1.391787 0.062382 0.996832 0.049350 86.612450 -0.051603 -0.046158 0.997600 1.228246 0.000000 0.000000 0.000000 1.000000
0.996697 -0.064752 0.049015 1.394120 0.062337 0.996837 0.049298 86.612686 -0.052052 -0.046080 0.997581 1.232179 0.000000 0.000000 0.000000 1.000000
0.996675 -0.064736 0.049478 1.395385 0.062303 0.996842 0.049240 86.613129 -0.052510 -0.045994 0.997561 1.238182 0.000000 0.000000 0.000000 1.000000
0.996653 -0.064725 0.049936 1.398075 0.062275 0.996848 0.049151 86.613464 -0.052960 -0.045877 0.997542 1.242200 0.000000 0.000000 0.000000 1.000000
0.996644 -0.064579 0.050307 1.402893 0.062117 0.996863 0.049053 86.613686 -0.053317 -0.045764 0.997528 1.244634 0.000000 0.000000 0.000000 1.000000
0.996638 -0.064461 0.050564 1.408229 0.061989 0.996872 0.049028 86.613815 -0.053567 -0.045729 0.997517 1.249980 0.000000 0.000000 0.000000 1.000000
0.996612 -0.064668 0.050819 1.414272 0.062180 0.996856 0.049107 86.613670 -0.053835 -0.045781 0.997500 1.258879 0.000000 0.000000 0.000000 1.000000
0.996569 -0.065077 0.051135 1.421926 0.062568 0.996826 0.049215 86.613319 -0.054175 -0.045847 0.997478 1.268248 0.000000 0.000000 0.000000 1.000000
0.996540 -0.065402 0.051294 1.431512 0.062882 0.996803 0.049294 86.613045 -0.054354 -0.045898 0.997466 1.276994 0.000000 0.000000 0.000000 1.000000
0.996535 -0.065579 0.051156 1.441144 0.063062 0.996788 0.049355 86.612778 -0.054229 -0.045958 0.997470 1.286880 0.000000 0.000000 0.000000 1.000000
0.996550 -0.065531 0.050936 1.449549 0.063023 0.996789 0.049392 86.612572 -0.054009 -0.046011 0.997480 1.298527 0.000000 0.000000 0.000000 1.000000
0.996577 -0.065222 0.050795 1.458466 0.062719 0.996807 0.049416 86.612556 -0.053856 -0.046061 0.997486 1.313518 0.000000 0.000000 0.000000 1.000000
0.996607 -0.064874 0.050645 1.468114 0.062375 0.996827 0.049455 86.612686 -0.053692 -0.046128 0.997492 1.332916 0.000000 0.000000 0.000000 1.000000
0.996631 -0.064688 0.050413 1.477123 0.062200 0.996837 0.049459 86.612846 -0.053453 -0.046157 0.997503 1.350774 0.000000 0.000000 0.000000 1.000000
0.996652 -0.064602 0.050104 1.486287 0.062132 0.996846 0.049381 86.612930 -0.053136 -0.046103 0.997522 1.358927 0.000000 0.000000 0.000000 1.000000
0.996678 -0.064490 0.049745 1.496675 0.062043 0.996857 0.049257 86.612923 -0.052765 -0.046007 0.997547 1.354343 0.000000 0.000000 0.000000 1.000000
0.996695 -0.064446 0.049456 1.504402 0.062020 0.996866 0.049115 86.612564 -0.052466 -0.045886 0.997568 1.339750 0.000000 0.000000 0.000000 1.000000
0.996694 -0.064560 0.049319 1.506016 0.062149 0.996866 0.048953 86.611908 -0.052324 -0.045726 0.997583 1.317642 0.000000 0.000000 0.000000 1.000000
0.996708 -0.064481 0.049151 1.501513 0.062089 0.996881 0.048716 86.611481 -0.052139 -0.045504 0.997603 1.287013 0.000000 0.000000 0.000000 1.000000
0.996737 -0.064082 0.049076 1.490860 0.061710 0.996919 0.048409 86.611580 -0.052027 -0.045223 0.997621 1.249933 0.000000 0.000000 0.000000 1.000000
0.996827 -0.063953 0.047391 1.474365 0.061676 0.996939 0.048046 86.613121 -0.050318 -0.044970 0.997720 1.213383 0.000000 0.000000 0.000000 1.000000
0.996854 -0.064018 0.046728 1.449644 0.061787 0.996947 0.047737 86.614021 -0.049641 -0.044700 0.997766 1.175185 0.000000 0.000000 0.000000 1.000000
0.996885 -0.063517 0.046762 1.411804 0.061302 0.996994 0.047386 86.615051 -0.049631 -0.044371 0.997782 1.142230 0.000000 0.000000 0.000000 1.000000
0.996943 -0.062665 0.046668 1.365689 0.060467 0.997058 0.047110 86.616760 -0.049483 -0.044144 0.997799 1.118808 0.000000 0.000000 0.000000 1.000000
0.996980 -0.061994 0.046774 1.316188 0.059800 0.997107 0.046932 86.618301 -0.049549 -0.043993 0.997802 1.099701 0.000000 0.000000 0.000000 1.000000
0.997014 -0.061250 0.047030 1.258623 0.059064 0.997169 0.046538 86.619919 -0.049747 -0.043621 0.997809 1.081191 0.000000 0.000000 0.000000 1.000000
0.997052 -0.060266 0.047490 1.193969 0.058089 0.997253 0.045965 86.621887 -0.050130 -0.043071 0.997814 1.061348 0.000000 0.000000 0.000000 1.000000
0.997076 -0.059307 0.048191 1.130309 0.057118 0.997326 0.045591 86.623932 -0.050766 -0.042705 0.997797 1.045758 0.000000 0.000000 0.000000 1.000000
0.997071 -0.058625 0.049112 1.073499 0.056405 0.997374 0.045421 86.625061 -0.051646 -0.042517 0.997760 1.037173 0.000000 0.000000 0.000000 1.000000
0.997028 -0.058484 0.050156 1.027686 0.056230 0.997393 0.045235 86.625458 -0.052671 -0.042280 0.997716 1.033578 0.000000 0.000000 0.000000 1.000000
0.996950 -0.058892 0.051218 0.992836 0.056601 0.997379 0.045076 86.625221 -0.053738 -0.042039 0.997670 1.033404 0.000000 0.000000 0.000000 1.000000
0.996863 -0.059468 0.052232 0.963610 0.057139 0.997351 0.045011 86.625076 -0.054770 -0.041885 0.997620 1.036634 0.000000 0.000000 0.000000 1.000000
0.996804 -0.059618 0.053178 0.942233 0.057252 0.997347 0.044961 86.625298 -0.055718 -0.041773 0.997572 1.042192 0.000000 0.000000 0.000000 1.000000
0.996799 -0.058938 0.054026 0.931866 0.056540 0.997391 0.044878 86.626045 -0.056530 -0.041679 0.997531 1.049268 0.000000 0.000000 0.000000 1.000000
0.996806 -0.058140 0.054741 0.930425 0.055715 0.997440 0.044828 86.626831 -0.057207 -0.041635 0.997494 1.056178 0.000000 0.000000 0.000000 1.000000
0.996771 -0.058196 0.055319 0.937643 0.055744 0.997436 0.044883 86.627029 -0.057789 -0.041654 0.997459 1.061037 0.000000 0.000000 0.000000 1.000000
0.996708 -0.058831 0.055779 0.953002 0.056354 0.997396 0.045000 86.626579 -0.058281 -0.041709 0.997429 1.066090 0.000000 0.000000 0.000000 1.000000
0.996652 -0.059468 0.056106 0.973296 0.056969 0.997355 0.045143 86.625671 -0.058642 -0.041796 0.997404 1.075297 0.000000 0.000000 0.000000 1.000000
0.996599 -0.060245 0.056226 0.998127 0.057728 0.997301 0.045366 86.624153 -0.058807 -0.041966 0.997387 1.088890 0.000000 0.000000 0.000000 1.000000
0.996544 -0.061260 0.056100 1.027320 0.058730 0.997228 0.045692 86.622314 -0.058744 -0.042239 0.997379 1.103065 0.000000 0.000000 0.000000 1.000000
0.996498 -0.062257 0.055811 1.056566 0.059719 0.997153 0.046040 86.620911 -0.058519 -0.042546 0.997379 1.113385 0.000000 0.000000 0.000000 1.000000
0.996461 -0.063135 0.055500 1.067176 0.060602 0.997092 0.046202 86.620850 -0.058256 -0.042676 0.997389 1.110690 0.000000 0.000000 0.000000 1.000000
0.996425 -0.063968 0.055178 1.054348 0.061451 0.997041 0.046179 86.621849 -0.057969 -0.042623 0.997408 1.094532 0.000000 0.000000 0.000000 1.000000
0.996392 -0.064792 0.054821 1.032507 0.062294 0.996992 0.046107 86.623497 -0.057643 -0.042525 0.997431 1.073439 0.000000 0.000000 0.000000 1.000000
0.996359 -0.065607 0.054446 1.003191 0.063133 0.996945 0.045978 86.625519 -0.057297 -0.042373 0.997458 1.048146 0.000000 0.000000 0.000000 1.000000
0.996326 -0.066419 0.054062 0.967958 0.063972 0.996900 0.045807 86.627884 -0.056937 -0.042181 0.997486 1.019483 0.000000 0.000000 0.000000 1.000000
0.996292 -0.067234 0.053678 0.928247 0.064815 0.996855 0.045603 86.630516 -0.056575 -0.041955 0.997516 0.988257 0.000000 0.000000 0.000000 1.000000
0.996257 -0.068050 0.053306 0.885660 0.065660 0.996810 0.045375 86.633507 -0.056224 -0.041705 0.997547 0.955272 0.000000 0.000000 0.000000 1.000000
0.996218 -0.068888 0.052955 0.841398 0.066527 0.996763 0.045132 86.635941 -0.055892 -0.041439 0.997576 0.921405 0.000000 0.000000 0.000000 1.000000
0.996176 -0.069740 0.052635 0.796953 0.067406 0.996715 0.044885 86.637680 -0.055592 -0.041165 0.997605 0.887520 0.000000 0.000000 0.000000 1.000000
0.996130 -0.070591 0.052357 0.754295 0.068282 0.996667 0.044641 86.639168 -0.055333 -0.040893 0.997630 0.854231 0.000000 0.000000 0.000000 1.000000
0.996081 -0.071450 0.052132 0.714720 0.069164 0.996616 0.044411 86.640503 -0.055129 -0.040631 0.997652 0.822399 0.000000 0.000000 0.000000 1.000000
0.996027 -0.072314 0.051969 0.679759 0.070047 0.996564 0.044203 86.641937 -0.054987 -0.040387 0.997670 0.792826 0.000000 0.000000 0.000000 1.000000
0.995968 -0.073184 0.051884 0.650907 0.070930 0.996509 0.044028 86.643089 -0.054925 -0.040170 0.997682 0.766317 0.000000 0.000000 0.000000 1.000000
0.995904 -0.074053 0.051871 0.629658 0.071808 0.996452 0.043889 86.643883 -0.054937 -0.039984 0.997689 0.743625 0.000000 0.000000 0.000000 1.000000
0.995832 -0.074936 0.052000 0.617538 0.072690 0.996392 0.043819 86.644249 -0.055096 -0.039857 0.997685 0.725637 0.000000 0.000000 0.000000 1.000000
0.995746 -0.075729 0.052488 0.634236 0.073465 0.996335 0.043807 86.643677 -0.055614 -0.039765 0.997660 0.720830 0.000000 0.000000 0.000000 1.000000
0.995684 -0.076254 0.052897 0.655650 0.073979 0.996301 0.043720 86.642822 -0.056035 -0.039618 0.997642 0.715246 0.000000 0.000000 0.000000 1.000000
0.995634 -0.076800 0.053058 0.688832 0.074522 0.996263 0.043671 86.641754 -0.056214 -0.039527 0.997636 0.711548 0.000000 0.000000 0.000000 1.000000
0.995580 -0.077520 0.053018 0.731477 0.075245 0.996210 0.043633 86.640289 -0.056200 -0.039450 0.997640 0.709816 0.000000 0.000000 0.000000 1.000000
0.995551 -0.078016 0.052832 0.775871 0.075753 0.996174 0.043566 86.638924 -0.056028 -0.039370 0.997653 0.710761 0.000000 0.000000 0.000000 1.000000
0.995550 -0.078217 0.052565 0.815690 0.075965 0.996158 0.043567 86.637810 -0.055771 -0.039380 0.997667 0.715071 0.000000 0.000000 0.000000 1.000000
0.995553 -0.078349 0.052313 0.852202 0.076102 0.996145 0.043640 86.637192 -0.055530 -0.039465 0.997677 0.721087 0.000000 0.000000 0.000000 1.000000
0.995569 -0.078250 0.052150 0.890048 0.076008 0.996150 0.043671 86.636871 -0.055366 -0.039513 0.997684 0.727453 0.000000 0.000000 0.000000 1.000000
0.995600 -0.077887 0.052099 0.931950 0.075650 0.996180 0.043618 86.636803 -0.055297 -0.039485 0.997689 0.732483 0.000000 0.000000 0.000000 1.000000
0.995616 -0.077697 0.052084 0.978091 0.075467 0.996199 0.043509 86.636559 -0.055267 -0.039387 0.997694 0.737537 0.000000 0.000000 0.000000 1.000000
0.995600 -0.077941 0.052021 1.025129 0.075721 0.996185 0.043381 86.635887 -0.055204 -0.039251 0.997703 0.746533 0.000000 0.000000 0.000000 1.000000
0.995567 -0.078410 0.051941 1.069576 0.076198 0.996153 0.043286 86.634979 -0.055135 -0.039136 0.997712 0.758273 0.000000 0.000000 0.000000 1.000000
0.995556 -0.078616 0.051852 1.111889 0.076412 0.996140 0.043206 86.634277 -0.055049 -0.039052 0.997720 0.769460 0.000000 0.000000 0.000000 1.000000
0.995583 -0.078356 0.051711 1.151820 0.076164 0.996164 0.043080 86.633965 -0.054888 -0.038951 0.997732 0.779192 0.000000 0.000000 0.000000 1.000000
0.995621 -0.077984 0.051556 1.185950 0.075807 0.996198 0.042920 86.633835 -0.054707 -0.038824 0.997747 0.785298 0.000000 0.000000 0.000000 1.000000
0.995642 -0.077764 0.051470 1.211629 0.075602 0.996223 0.042701 86.633804 -0.054596 -0.038624 0.997761 0.786734 0.000000 0.000000 0.000000 1.000000
0.995659 -0.077520 0.051514 1.229173 0.075377 0.996257 0.042313 86.634178 -0.054602 -0.038246 0.997775 0.786304 0.000000 0.000000 0.000000 1.000000
0.995669 -0.077285 0.051684 1.242878 0.075161 0.996293 0.041857 86.634789 -0.054727 -0.037791 0.997786 0.787228 0.000000 0.000000 0.000000 1.000000
0.995638 -0.077570 0.051851 1.259412 0.075454 0.996282 0.041589 86.634659 -0.054884 -0.037496 0.997788 0.791094 0.000000 0.000000 0.000000 1.000000
0.995576 -0.078295 0.051941 1.279531 0.076184 0.996232 0.041443 86.633804 -0.054990 -0.037302 0.997790 0.795251 0.000000 0.000000 0.000000 1.000000
0.995549 -0.078549 0.052082 1.295650 0.076448 0.996223 0.041170 86.633469 -0.055119 -0.037005 0.997794 0.794629 0.000000 0.000000 0.000000 1.000000
0.995578 -0.077961 0.052408 1.303205 0.075869 0.996283 0.040791 86.634438 -0.055393 -0.036635 0.997792 0.789805 0.000000 0.000000 0.000000 1.000000
0.995622 -0.077098 0.052850 1.306799 0.075009 0.996362 0.040442 86.635895 -0.055776 -0.036301 0.997783 0.784524 0.000000 0.000000 0.000000 1.000000
0.995647 -0.076437 0.053325 1.310604 0.074343 0.996422 0.040201 86.637154 -0.056207 -0.036062 0.997768 0.776942 0.000000 0.000000 0.000000 1.000000
0.995647 -0.076062 0.053870 1.310612 0.073944 0.996448 0.040285 86.637756 -0.056743 -0.036126 0.997735 0.764456 0.000000 0.000000 0.000000 1.000000
0.995602 -0.076240 0.054447 1.301047 0.074063 0.996413 0.040944 86.637642 -0.057373 -0.036732 0.997677 0.749441 0.000000 0.000000 0.000000 1.000000
0.995515 -0.077001 0.054959 1.283222 0.074742 0.996316 0.042037 86.636757 -0.057993 -0.037741 0.997603 0.730688 0.000000 0.000000 0.000000 1.000000
0.995459 -0.077392 0.055427 1.262531 0.075057 0.996250 0.043033 86.636391 -0.058549 -0.038677 0.997535 0.706259 0.000000 0.000000 0.000000 1.000000
0.995506 -0.076435 0.055898 1.246253 0.074050 0.996302 0.043576 86.637360 -0.059022 -0.039241 0.997485 0.679191 0.000000 0.000000 0.000000 1.000000
0.995622 -0.074652 0.056242 1.237547 0.072244 0.996429 0.043703 86.638428 -0.059304 -0.039449 0.997460 0.647601 0.000000 0.000000 0.000000 1.000000
0.995759 -0.072777 0.056276 1.229446 0.070387 0.996578 0.043345 86.638840 -0.059238 -0.039200 0.997474 0.605289 0.000000 0.000000 0.000000 1.000000
0.995921 -0.070653 0.056114 1.218291 0.068325 0.996763 0.042368 86.640289 -0.058925 -0.038361 0.997525 0.556285 0.000000 0.000000 0.000000 1.000000
0.996055 -0.068751 0.056101 1.217779 0.066495 0.996939 0.041121 86.641640 -0.058756 -0.037229 0.997578 0.511551 0.000000 0.000000 0.000000 1.000000
0.996093 -0.068046 0.056297 1.239798 0.065840 0.997022 0.040159 86.641838 -0.058862 -0.036295 0.997606 0.474895 0.000000 0.000000 0.000000 1.000000
0.996055 -0.068442 0.056474 1.274189 0.066259 0.997014 0.039664 86.640579 -0.059020 -0.035765 0.997616 0.446367 0.000000 0.000000 0.000000 1.000000
0.996010 -0.069047 0.056531 1.305536 0.066872 0.996979 0.039498 86.639091 -0.059087 -0.035560 0.997619 0.426565 0.000000 0.000000 0.000000 1.000000
0.995986 -0.069384 0.056547 1.333087 0.067211 0.996958 0.039470 86.638008 -0.059113 -0.035511 0.997619 0.414192 0.000000 0.000000 0.000000 1.000000
0.995984 -0.069376 0.056593 1.363887 0.067204 0.996961 0.039409 86.637955 -0.059155 -0.035447 0.997619 0.407952 0.000000 0.000000 0.000000 1.000000
0.996018 -0.068833 0.056660 1.400708 0.066672 0.997005 0.039184 86.638504 -0.059187 -0.035251 0.997624 0.407181 0.000000 0.000000 0.000000 1.000000
0.996072 -0.067964 0.056757 1.440914 0.065820 0.997076 0.038820 86.639145 -0.059230 -0.034932 0.997633 0.412012 0.000000 0.000000 0.000000 1.000000
0.996081 -0.067592 0.057042 1.481453 0.065460 0.997114 0.038453 86.639122 -0.059477 -0.034569 0.997631 0.425189 0.000000 0.000000 0.000000 1.000000
0.996031 -0.067808 0.057662 1.521085 0.065674 0.997112 0.038139 86.638664 -0.060082 -0.034200 0.997607 0.448191 0.000000 0.000000 0.000000 1.000000
0.995979 -0.067836 0.058518 1.555946 0.065691 0.997122 0.037843 86.638596 -0.060917 -0.033847 0.997569 0.475674 0.000000 0.000000 0.000000 1.000000
0.995938 -0.067707 0.059357 1.584306 0.065550 0.997142 0.037570 86.638672 -0.061732 -0.033527 0.997530 0.501748 0.000000 0.000000 0.000000 1.000000
0.995885 -0.067883 0.060041 1.610200 0.065716 0.997139 0.037356 86.638626 -0.062405 -0.033256 0.997497 0.526906 0.000000 0.000000 0.000000 1.000000
0.995826 -0.068313 0.060527 1.635349 0.066134 0.997113 0.037298 86.638557 -0.062901 -0.033139 0.997469 0.553951 0.000000 0.000000 0.000000 1.000000
0.995760 -0.069051 0.060778 1.657152 0.066853 0.997058 0.037492 86.638382 -0.063188 -0.033270 0.997447 0.582780 0.000000 0.000000 0.000000 1.000000
0.995681 -0.070167 0.060795 1.674245 0.067946 0.996970 0.037857 86.637741 -0.063267 -0.033563 0.997432 0.612763 0.000000 0.000000 0.000000 1.000000
0.995599 -0.071450 0.060646 1.688118 0.069210 0.996868 0.038263 86.636932 -0.063190 -0.033898 0.997426 0.644453 0.000000 0.000000 0.000000 1.000000
0.995523 -0.072678 0.060424 1.699178 0.070418 0.996765 0.038738 86.636093 -0.063044 -0.034310 0.997421 0.676376 0.000000 0.000000 0.000000 1.000000
0.995458 -0.073713 0.060242 1.703881 0.071427 0.996673 0.039256 86.635345 -0.062936 -0.034774 0.997412 0.706819 0.000000 0.000000 0.000000 1.000000
0.995397 -0.074505 0.060275 1.699648 0.072197 0.996604 0.039604 86.634933 -0.063021 -0.035070 0.997396 0.735414 0.000000 0.000000 0.000000 1.000000
0.995343 -0.074954 0.060613 1.692141 0.072629 0.996569 0.039697 86.635185 -0.063381 -0.035110 0.997372 0.760591 0.000000 0.000000 0.000000 1.000000
0.995319 -0.074935 0.061028 1.687012 0.072596 0.996572 0.039683 86.635773 -0.063792 -0.035067 0.997347 0.781763 0.000000 0.000000 0.000000 1.000000
0.995335 -0.074574 0.061213 1.682401 0.072228 0.996598 0.039684 86.636459 -0.063964 -0.035078 0.997336 0.800329 0.000000 0.000000 0.000000 1.000000
0.995373 -0.074157 0.061105 1.676357 0.071813 0.996627 0.039714 86.637146 -0.063844 -0.035142 0.997341 0.817279 0.000000 0.000000 0.000000 1.000000
0.995410 -0.073873 0.060838 1.671118 0.071533 0.996645 0.039783 86.637611 -0.063573 -0.035249 0.997354 0.833017 0.000000 0.000000 0.000000 1.000000
0.995451 -0.073552 0.060556 1.668753 0.071217 0.996665 0.039845 86.637978 -0.063285 -0.035351 0.997369 0.847279 0.000000 0.000000 0.000000 1.000000
0.995510 -0.072900 0.060382 1.671445 0.070574 0.996712 0.039806 86.638809 -0.063085 -0.035366 0.997381 0.859653 0.000000 0.000000 0.000000 1.000000
0.995569 -0.072009 0.060470 1.684054 0.069688 0.996780 0.039654 86.639534 -0.063131 -0.035264 0.997382 0.870867 0.000000 0.000000 0.000000 1.000000
0.995609 -0.071096 0.060890 1.706172 0.068774 0.996853 0.039423 86.640182 -0.063501 -0.035062 0.997366 0.881945 0.000000 0.000000 0.000000 1.000000
0.995662 -0.069865 0.061449 1.728230 0.067545 0.996951 0.039069 86.641342 -0.063991 -0.034749 0.997345 0.890640 0.000000 0.000000 0.000000 1.000000
0.995768 -0.067942 0.061892 1.746622 0.065636 0.997098 0.038563 86.643364 -0.064333 -0.034338 0.997338 0.895207 0.000000 0.000000 0.000000 1.000000
0.995896 -0.065783 0.062154 1.767598 0.063497 0.997256 0.038067 86.645432 -0.064488 -0.033964 0.997340 0.900211 0.000000 0.000000 0.000000 1.000000
0.996010 -0.063912 0.062292 1.793302 0.061646 0.997388 0.037646 86.646927 -0.064535 -0.033656 0.997348 0.908850 0.000000 0.000000 0.000000 1.000000
0.996105 -0.062342 0.062350 1.818260 0.060107 0.997502 0.037104 86.648018 -0.064507 -0.033212 0.997364 0.916193 0.000000 0.000000 0.000000 1.000000
0.996177 -0.061238 0.062295 1.837894 0.059048 0.997591 0.036399 86.648880 -0.064374 -0.032581 0.997394 0.918922 0.000000 0.000000 0.000000 1.000000
0.996244 -0.060374 0.062067 1.851102 0.058236 0.997664 0.035704 86.649620 -0.064078 -0.031955 0.997433 0.922308 0.000000 0.000000 0.000000 1.000000
0.996361 -0.058863 0.061646 1.855936 0.056775 0.997770 0.035097 86.650772 -0.063575 -0.031470 0.997481 0.930652 0.000000 0.000000 0.000000 1.000000
0.996517 -0.056818 0.061032 1.854047 0.054781 0.997901 0.034546 86.652161 -0.062867 -0.031082 0.997538 0.938801 0.000000 0.000000 0.000000 1.000000
0.996651 -0.055287 0.060244 1.850514 0.053305 0.997998 0.034033 86.652794 -0.062005 -0.030708 0.997603 0.943851 0.000000 0.000000 0.000000 1.000000
0.996746 -0.054598 0.059299 1.849943 0.052669 0.998046 0.033621 86.652962 -0.061018 -0.030388 0.997674 0.953546 0.000000 0.000000 0.000000 1.000000
0.996801 -0.054714 0.058263 1.853323 0.052832 0.998046 0.033356 86.652863 -0.059974 -0.030171 0.997744 0.971233 0.000000 0.000000 0.000000 1.000000
0.996799 -0.055726 0.057327 1.858772 0.053881 0.997994 0.033239 86.652336 -0.059065 -0.030044 0.997802 0.990498 0.000000 0.000000 0.000000 1.000000
0.996767 -0.057065 0.056559 1.869660 0.055237 0.997916 0.033362 86.651329 -0.058345 -0.030130 0.997842 1.011057 0.000000 0.000000 0.000000 1.000000
0.996745 -0.058101 0.055892 1.891151 0.056267 0.997842 0.033849 86.650093 -0.057738 -0.030594 0.997863 1.036394 0.000000 0.000000 0.000000 1.000000
0.996711 -0.059167 0.055371 1.920360 0.057310 0.997759 0.034547 86.648582 -0.057291 -0.031260 0.997868 1.061971 0.000000 0.000000 0.000000 1.000000
0.996643 -0.060541 0.055116 1.948669 0.058662 0.997661 0.035095 86.647217 -0.057112 -0.031744 0.997863 1.082479 0.000000 0.000000 0.000000 1.000000
0.996572 -0.061697 0.055113 1.970084 0.059806 0.997585 0.035324 86.646439 -0.057159 -0.031907 0.997855 1.098150 0.000000 0.000000 0.000000 1.000000
0.996529 -0.062264 0.055259 1.983974 0.060369 0.997551 0.035325 86.646255 -0.057323 -0.031867 0.997847 1.111662 0.000000 0.000000 0.000000 1.000000
0.996508 -0.062373 0.055518 1.992080 0.060475 0.997548 0.035236 86.646400 -0.057579 -0.031756 0.997836 1.125903 0.000000 0.000000 0.000000 1.000000
0.996493 -0.062274 0.055886 1.995962 0.060371 0.997558 0.035121 86.646584 -0.057936 -0.031624 0.997819 1.140930 0.000000 0.000000 0.000000 1.000000
0.996468 -0.062285 0.056329 1.995002 0.060373 0.997561 0.035033 86.646721 -0.058374 -0.031508 0.997797 1.153530 0.000000 0.000000 0.000000 1.000000
0.996433 -0.062427 0.056776 1.987234 0.060504 0.997555 0.034987 86.646843 -0.058822 -0.031427 0.997774 1.162504 0.000000 0.000000 0.000000 1.000000
0.996411 -0.062469 0.057112 1.974955 0.060535 0.997553 0.034989 86.647194 -0.059158 -0.031406 0.997754 1.169696 0.000000 0.000000 0.000000 1.000000
0.996404 -0.062459 0.057254 1.964439 0.060515 0.997551 0.035082 86.647636 -0.059305 -0.031491 0.997743 1.176439 0.000000 0.000000 0.000000 1.000000
0.996403 -0.062515 0.057216 1.956092 0.060564 0.997543 0.035214 86.647888 -0.059277 -0.031622 0.997741 1.182084 0.000000 0.000000 0.000000 1.000000
0.996405 -0.062631 0.057042 1.946851 0.060684 0.997534 0.035262 86.648026 -0.059109 -0.031674 0.997749 1.185631 0.000000 0.000000 0.000000 1.000000
0.996410 -0.062789 0.056786 1.937432 0.060857 0.997528 0.035141 86.648087 -0.058852 -0.031559 0.997768 1.186736 0.000000 0.000000 0.000000 1.000000
0.996420 -0.062869 0.056524 1.928574 0.060962 0.997531 0.034853 86.648209 -0.058576 -0.031282 0.997793 1.185124 0.000000 0.000000 0.000000 1.000000
0.996441 -0.062774 0.056264 1.917906 0.060894 0.997547 0.034521 86.648483 -0.058293 -0.030972 0.997819 1.182342 0.000000 0.000000 0.000000 1.000000
0.996452 -0.062905 0.055914 1.903720 0.061052 0.997546 0.034260 86.648590 -0.057932 -0.030725 0.997848 1.182074 0.000000 0.000000 0.000000 1.000000
0.996430 -0.063669 0.055440 1.887980 0.061842 0.997504 0.034079 86.647995 -0.057472 -0.030529 0.997880 1.185340 0.000000 0.000000 0.000000 1.000000
0.996411 -0.064455 0.054873 1.871592 0.062652 0.997457 0.033965 86.647346 -0.056923 -0.030406 0.997915 1.191060 0.000000 0.000000 0.000000 1.000000
0.996434 -0.064618 0.054251 1.852950 0.062834 0.997446 0.033963 86.647446 -0.056307 -0.030433 0.997950 1.199855 0.000000 0.000000 0.000000 1.000000
0.996480 -0.064400 0.053667 1.831304 0.062627 0.997455 0.034079 86.647812 -0.055726 -0.030598 0.997977 1.211189 0.000000 0.000000 0.000000 1.000000
0.996521 -0.064178 0.053163 1.807156 0.062411 0.997463 0.034251 86.648102 -0.055227 -0.030814 0.997998 1.223383 0.000000 0.000000 0.000000 1.000000
0.996559 -0.063968 0.052713 1.782353 0.062207 0.997470 0.034401 86.648315 -0.054780 -0.031003 0.998017 1.236470 0.000000 0.000000 0.000000 1.000000
0.996593 -0.063739 0.052352 1.759464 0.061985 0.997482 0.034474 86.648537 -0.054418 -0.031112 0.998033 1.252443 0.000000 0.000000 0.000000 1.000000
0.996615 -0.063575 0.052116 1.739806 0.061826 0.997490 0.034512 86.648476 -0.054179 -0.031173 0.998045 1.272665 0.000000 0.000000 0.000000 1.000000
0.996638 -0.063379 0.051924 1.721253 0.061633 0.997500 0.034572 86.648476 -0.053986 -0.031256 0.998052 1.287117 0.000000 0.000000 0.000000 1.000000
0.996670 -0.063052 0.051709 1.702206 0.061308 0.997517 0.034652 86.648483 -0.053765 -0.031366 0.998061 1.299447 0.000000 0.000000 0.000000 1.000000
0.996696 -0.062796 0.051523 1.684898 0.061053 0.997530 0.034735 86.648605 -0.053577 -0.031474 0.998068 1.309907 0.000000 0.000000 0.000000 1.000000
0.996704 -0.062731 0.051443 1.673057 0.060987 0.997531 0.034813 86.648674 -0.053500 -0.031561 0.998069 1.314708 0.000000 0.000000 0.000000 1.000000
0.996701 -0.062768 0.051455 1.666845 0.061020 0.997528 0.034862 86.648659 -0.053516 -0.031607 0.998067 1.312629 0.000000 0.000000 0.000000 1.000000
0.996695 -0.062832 0.051487 1.662822 0.061082 0.997523 0.034884 86.648590 -0.053551 -0.031623 0.998064 1.306374 0.000000 0.000000 0.000000 1.000000
0.996688 -0.062923 0.051517 1.658366 0.061170 0.997516 0.034928 86.648506 -0.053587 -0.031661 0.998061 1.299088 0.000000 0.000000 0.000000 1.000000
0.996677 -0.063038 0.051583 1.652161 0.061278 0.997506 0.035015 86.648590 -0.053662 -0.031738 0.998055 1.291674 0.000000 0.000000 0.000000 1.000000
0.996667 -0.063098 0.051700 1.645168 0.061330 0.997500 0.035100 86.648849 -0.053786 -0.031812 0.998046 1.282667 0.000000 0.000000 0.000000 1.000000
0.996656 -0.063167 0.051829 1.641173 0.061393 0.997495 0.035138 86.649040 -0.053918 -0.031839 0.998038 1.271822 0.000000 0.000000 0.000000 1.000000
0.996639 -0.063348 0.051942 1.640514 0.061571 0.997484 0.035139 86.649048 -0.054037 -0.031823 0.998032 1.260257 0.000000 0.000000 0.000000 1.000000
0.996622 -0.063533 0.052040 1.638238 0.061752 0.997473 0.035146 86.649002 -0.054142 -0.031813 0.998026 1.248232 0.000000 0.000000 0.000000 1.000000
0.996608 -0.063672 0.052132 1.633036 0.061885 0.997462 0.035203 86.649017 -0.054241 -0.031857 0.998020 1.238308 0.000000 0.000000 0.000000 1.000000
0.996592 -0.063855 0.052215 1.628164 0.062060 0.997448 0.035304 86.649025 -0.054337 -0.031943 0.998012 1.230650 0.000000 0.000000 0.000000 1.000000
0.996580 -0.063984 0.052293 1.624193 0.062181 0.997436 0.035414 86.649017 -0.054425 -0.032042 0.998004 1.222998 0.000000 0.000000 0.000000 1.000000
0.996572 -0.064052 0.052362 1.622298 0.062240 0.997428 0.035538 86.649025 -0.054504 -0.032157 0.997996 1.215301 0.000000 0.000000 0.000000 1.000000
0.996545 -0.064441 0.052397 1.628935 0.062619 0.997399 0.035694 86.648628 -0.054561 -0.032290 0.997988 1.207063 0.000000 0.000000 0.000000 1.000000
0.996505 -0.065040 0.052410 1.648340 0.063209 0.997356 0.035863 86.647812 -0.054604 -0.032425 0.997981 1.199056 0.000000 0.000000 0.000000 1.000000
0.996464 -0.065637 0.052446 1.674873 0.063795 0.997311 0.036065 86.646957 -0.054672 -0.032591 0.997972 1.193081 0.000000 0.000000 0.000000 1.000000
0.996414 -0.066345 0.052510 1.700862 0.064489 0.997258 0.036295 86.646286 -0.054774 -0.032779 0.997961 1.188397 0.000000 0.000000 0.000000 1.000000
0.996355 -0.067178 0.052578 1.730946 0.065307 0.997196 0.036532 86.645393 -0.054884 -0.032965 0.997948 1.184040 0.000000 0.000000 0.000000 1.000000
0.996266 -0.068445 0.052632 1.731217 0.066556 0.997102 0.036857 86.644348 -0.055002 -0.033217 0.997934 1.180902 0.000000 0.000000 0.000000 1.000000
0.996144 -0.070142 0.052702 1.723408 0.068226 0.996972 0.037309 86.642807 -0.055159 -0.033569 0.997913 1.176569 0.000000 0.000000 0.000000 1.000000
0.996029 -0.071681 0.052795 1.712231 0.069737 0.996850 0.037781 86.641403 -0.055337 -0.033949 0.997890 1.169206 0.000000 0.000000 0.000000 1.000000
0.995969 -0.072417 0.052935 1.702446 0.070455 0.996789 0.038040 86.640656 -0.055520 -0.034157 0.997873 1.158855 0.000000 0.000000 0.000000 1.000000
0.995976 -0.072142 0.053176 1.695846 0.070182 0.996816 0.037838 86.641205 -0.055736 -0.033954 0.997868 1.143792 0.000000 0.000000 0.000000 1.000000
0.996010 -0.071430 0.053492 1.688962 0.069487 0.996884 0.037343 86.642227 -0.055993 -0.033477 0.997870 1.133599 0.000000 0.000000 0.000000 1.000000
0.996028 -0.071014 0.053712 1.676977 0.069078 0.996922 0.037080 86.642769 -0.056180 -0.033223 0.997868 1.125063 0.000000 0.000000 0.000000 1.000000
0.996036 -0.070988 0.053606 1.659695 0.069039 0.996913 0.037381 86.642509 -0.056094 -0.033532 0.997862 1.114282 0.000000 0.000000 0.000000 1.000000
0.996036 -0.071153 0.053377 1.639039 0.069182 0.996883 0.037914 86.641693 -0.055908 -0.034071 0.997854 1.102071 0.000000 0.000000 0.000000 1.000000
0.996035 -0.071399 0.053067 1.615901 0.069402 0.996843 0.038579 86.640297 -0.055654 -0.034743 0.997845 1.089156 0.000000 0.000000 0.000000 1.000000
0.996039 -0.071639 0.052671 1.591329 0.069613 0.996798 0.039341 86.639145 -0.055320 -0.035518 0.997837 1.076498 0.000000 0.000000 0.000000 1.000000
0.996055 -0.071763 0.052191 1.566403 0.069710 0.996759 0.040145 86.635040 -0.054903 -0.036348 0.997830 1.065118 0.000000 0.000000 0.000000 1.000000
0.996088 -0.071706 0.051639 1.542215 0.069629 0.996732 0.040944 86.632622 -0.054406 -0.037188 0.997826 1.055788 0.000000 0.000000 0.000000 1.000000
0.996153 -0.071270 0.050982 1.519910 0.069178 0.996733 0.041693 86.629204 -0.053787 -0.038005 0.997829 1.049337 0.000000 0.000000 0.000000 1.000000
0.996281 -0.070140 0.050038 1.504395 0.068044 0.996779 0.042435 86.625099 -0.052853 -0.038873 0.997845 1.050895 0.000000 0.000000 0.000000 1.000000
0.996421 -0.068873 0.049016 1.488528 0.066776 0.996832 0.043198 86.621681 -0.051836 -0.039770 0.997863 1.053379 0.000000 0.000000 0.000000 1.000000
0.996554 -0.067626 0.048040 1.461669 0.065529 0.996882 0.043968 86.619270 -0.050863 -0.040669 0.997877 1.056213 0.000000 0.000000 0.000000 1.000000
0.996672 -0.066453 0.047206 1.443936 0.064351 0.996924 0.044744 86.615891 -0.050034 -0.041557 0.997883 1.057702 0.000000 0.000000 0.000000 1.000000
0.996770 -0.065448 0.046538 1.434765 0.063335 0.996954 0.045513 86.612999 -0.049375 -0.042418 0.997879 1.057499 0.000000 0.000000 0.000000 1.000000
0.996796 -0.065002 0.046609 1.425192 0.062847 0.996948 0.046305 86.611549 -0.049477 -0.043227 0.997839 1.053727 0.000000 0.000000 0.000000 1.000000
0.996768 -0.064896 0.047359 1.416634 0.062668 0.996923 0.047093 86.611092 -0.050270 -0.043973 0.997767 1.049434 0.000000 0.000000 0.000000 1.000000
0.996745 -0.064595 0.048228 1.410856 0.062292 0.996912 0.047807 86.611053 -0.051168 -0.044647 0.997692 1.049747 0.000000 0.000000 0.000000 1.000000
0.996728 -0.064236 0.049068 1.407914 0.061863 0.996908 0.048444 86.611084 -0.052028 -0.045250 0.997620 1.055804 0.000000 0.000000 0.000000 1.000000
0.996694 -0.064317 0.049635 1.403358 0.061896 0.996885 0.048877 86.610870 -0.052624 -0.045644 0.997571 1.068230 0.000000 0.000000 0.000000 1.000000
0.996658 -0.064690 0.049881 1.397639 0.062236 0.996845 0.049268 86.610497 -0.052911 -0.045999 0.997539 1.080631 0.000000 0.000000 0.000000 1.000000
0.996648 -0.064822 0.049916 1.395902 0.062350 0.996822 0.049583 86.610306 -0.052971 -0.046304 0.997522 1.085780 0.000000 0.000000 0.000000 1.000000
0.996668 -0.064654 0.049727 1.395703 0.062189 0.996830 0.049620 86.610420 -0.052778 -0.046362 0.997529 1.086829 0.000000 0.000000 0.000000 1.000000
0.996705 -0.064460 0.049235 1.394603 0.062024 0.996846 0.049505 86.610741 -0.052271 -0.046288 0.997560 1.088341 0.000000 0.000000 0.000000 1.000000
0.996745 -0.064225 0.048733 1.391457 0.061820 0.996866 0.049367 86.611320 -0.051751 -0.046193 0.997591 1.092729 0.000000 0.000000 0.000000 1.000000
0.996773 -0.063915 0.048564 1.386445 0.061525 0.996892 0.049207 86.611855 -0.051558 -0.046061 0.997607 1.095178 0.000000 0.000000 0.000000 1.000000
0.996781 -0.063755 0.048613 1.382352 0.061373 0.996911 0.049015 86.611855 -0.051588 -0.045874 0.997614 1.091238 0.000000 0.000000 0.000000 1.000000
0.996773 -0.063751 0.048784 1.381026 0.061367 0.996917 0.048891 86.612106 -0.051750 -0.045740 0.997612 1.084230 0.000000 0.000000 0.000000 1.000000
0.996761 -0.063717 0.049075 1.381762 0.061319 0.996919 0.048903 86.612251 -0.052040 -0.045735 0.997597 1.074495 0.000000 0.000000 0.000000 1.000000
0.996760 -0.063668 0.049159 1.384644 0.061262 0.996919 0.048980 86.612556 -0.052126 -0.045810 0.997589 1.063274 0.000000 0.000000 0.000000 1.000000
0.996764 -0.063877 0.048802 1.384631 0.061486 0.996904 0.049016 86.612495 -0.051782 -0.045857 0.997605 1.052244 0.000000 0.000000 0.000000 1.000000
0.996762 -0.064325 0.048244 1.375530 0.061963 0.996877 0.048965 86.611893 -0.051243 -0.045817 0.997635 1.043043 0.000000 0.000000 0.000000 1.000000</float_array><technique_common><accessor source="#mixamorig_Hips-Matrix-animation-output-transform-array" count="237" stride="16"><param type="float4x4"/></accessor></technique_common></source><source id="mixamorig_Hips-Interpolations"><Name_array id="mixamorig_Hips-Interpolations-array" count="237">
 LINEAR LINEAR LINEAR LINEAR LINEAR LINEAR LINEAR LINEAR LINEAR LINEAR LINEAR
LINEAR LINEAR LINEAR LINEAR LINEAR LINEAR LINEAR LINEAR LINEAR LINEAR LINEAR LINEAR
LINEAR LINEAR LINEAR LINEAR LINEAR LINEAR LINEAR LINEAR LINEAR LINEAR LINEAR LINEAR
LINEAR LINEAR LINEAR LINEAR LINEAR LINEAR LINEAR LINEAR LINEAR LINEAR LINEAR LINEAR
LINEAR LINEAR LINEAR LINEAR LINEAR LINEAR LINEAR LINEAR LINEAR LINEAR LINEAR LINEAR
LINEAR LINEAR LINEAR LINEAR LINEAR LINEAR LINEAR LINEAR LINEAR LINEAR LINEAR LINEAR
LINEAR LINEAR LINEAR LINEAR LINEAR LINEAR LINEAR LINEAR LINEAR LINEAR LINEAR LINEAR
LINEAR LINEAR LINEAR LINEAR LINEAR LINEAR LINEAR LINEAR LINEAR LINEAR LINEAR LINEAR
LINEAR LINEAR LINEAR LINEAR LINEAR LINEAR LINEAR LINEAR LINEAR LINEAR LINEAR LINEAR
LINEAR LINEAR LINEAR LINEAR LINEAR LINEAR LINEAR LINEAR LINEAR LINEAR LINEAR LINEAR
LINEAR LINEAR LINEAR LINEAR LINEAR LINEAR LINEAR LINEAR LINEAR LINEAR LINEAR LINEAR
LINEAR LINEAR LINEAR LINEAR LINEAR LINEAR LINEAR LINEAR LINEAR LINEAR LINEAR LINEAR
LINEAR LINEAR LINEAR LINEAR LINEAR LINEAR LINEAR LINEAR LINEAR LINEAR LINEAR LINEAR
LINEAR LINEAR LINEAR LINEAR LINEAR LINEAR LINEAR LINEAR LINEAR LINEAR LINEAR LINEAR
LINEAR LINEAR LINEAR LINEAR LINEAR LINEAR LINEAR LINEAR LINEAR LINEAR LINEAR LINEAR
LINEAR LINEAR LINEAR LINEAR LINEAR LINEAR LINEAR LINEAR LINEAR LINEAR LINEAR LINEAR
LINEAR LINEAR LINEAR LINEAR LINEAR LINEAR LINEAR LINEAR LINEAR LINEAR LINEAR LINEAR
LINEAR LINEAR LINEAR LINEAR LINEAR LINEAR LINEAR LINEAR LINEAR LINEAR LINEAR LINEAR
