<?xml version="1.0" encoding="utf-8"?>
<COLLADA xmlns="http://www.collada.org/2005/11/COLLADASchema" version="1.4.1">
  <asset><contributor><author>Mixamo</author><authoring_tool>COLLADA Mixamo exporter</authoring_tool><comments></comments></contributor><created>2019-05-04T22:26:46Z</created><modified>2019-05-04T22:26:46Z</modified><revision></revision><title></title><unit meter="0.010000"/><up_axis>Y_UP</up_axis></asset>
  <library_animations>
    <animation id="mixamorig_Hips-anim" name="mixamorig_Hips"><source id="mixamorig_Hips-Matrix-animation-input"><float_array id="mixamorig_Hips-Matrix-animation-input-array" count="100">

0.000000 0.033333 0.066667 0.100000 0.133333 0.166667 0.200000 0.233333 0.266667 0.300000 0.333333 0.366667 0.400000 0.433333 0.466667 0.500000
0.533333 0.566667 0.600000 0.633333 0.666667 0.700000 0.733333 0.766667 0.800000 0.833333 0.866667 0.900000 0.933333 0.966667 1.000000 1.033333
1.066667 1.100000 1.133333 1.166667 1.200000 1.233333 1.266667 1.300000 1.333333 1.366667 1.400000 1.433333 1.466667 1.500000 1.533333 1.566667
1.600000 1.633333 1.666667 1.700000 1.733333 1.766667 1.800000 1.833333 1.866667 1.900000 1.933333 1.966667 2.000000 2.033333 2.066667 2.100000
2.133333 2.166667 2.200000 2.233333 2.266667 2.300000 2.333333 2.366667 2.400000 2.433333 2.466667 2.500000 2.533333 2.566667 2.600000 2.633333
2.666667 2.700000 2.733333 2.766667 2.800000 2.833333 2.866667 2.900000 2.933333 2.966667 3.000000 3.033333 3.066667 3.100000 3.133333 3.166667
3.200000 3.233333 3.266667 3.300000</float_array><technique_common><accessor source="#mixamorig_Hips-Matrix-animation-input-array" count="100"><param name="TIME" type="float"/></accessor></technique_common></source><source id="mixamorig_Hips-Matrix-animation-output-transform"><float_array id="mixamorig_Hips-Matrix-animation-output-transform-array" count="1600">

0.998445 0.051076 -0.022353 0.116695 -0.048801 0.994502 0.092647 87.050591 0.026963 -0.091412 0.995448 -0.718480 0.000000 0.000000 0.000000 1.000000
0.998277 0.029994 -0.050423 0.092463 -0.025626 0.996039 0.085145 87.397308 0.052777 -0.083707 0.995092 1.874670 0.000000 0.000000 0.000000 1.000000
0.997198 0.009137 -0.074243 0.105000 -0.003657 0.997280 0.073614 87.748512 0.074713 -0.073136 0.994520 4.455562 0.000000 0.000000 0.000000 1.000000
0.995546 -0.008346 -0.093904 0.154430 0.013970 0.998137 0.059394 88.092239 0.093233 -0.060442 0.993808 7.041537 0.000000 0.000000 0.000000 1.000000
0.993756 -0.019984 -0.109768 0.240491 0.025022 0.998686 0.044714 88.375130 0.108730 -0.047182 0.992951 9.671661 0.000000 0.000000 0.000000 1.000000
0.992363 -0.026109 -0.120559 0.367014 0.030127 0.999046 0.031629 88.523636 0.119618 -0.035020 0.992202 12.437323 0.000000 0.000000 0.000000 1.000000
0.991864 -0.028260 -0.124126 0.548617 0.031187 0.999278 0.021704 88.461227 0.123423 -0.025399 0.992029 15.480237 0.000000 0.000000 0.000000 1.000000
0.992191 -0.028668 -0.121388 0.796997 0.030907 0.999384 0.016600 88.239784 0.120838 -0.020222 0.992466 18.859842 0.000000 0.000000 0.000000 1.000000
0.992536 -0.030748 -0.118016 1.101393 0.032996 0.999308 0.017143 88.006905 0.117407 -0.020909 0.992864 22.513809 0.000000 0.000000 0.000000 1.000000
0.991916 -0.035716 -0.121763 1.454641 0.038717 0.999000 0.022374 87.738892 0.120842 -0.026907 0.992307 26.329889 0.000000 0.000000 0.000000 1.000000
0.989899 -0.041764 -0.135486 1.829515 0.046382 0.998439 0.031107 87.255440 0.133976 -0.037077 0.990291 30.205404 0.000000 0.000000 0.000000 1.000000
0.986731 -0.054062 -0.153098 2.144844 0.061274 0.997204 0.042784 86.538094 0.150357 -0.051597 0.987284 33.954308 0.000000 0.000000 0.000000 1.000000
0.983068 -0.077371 -0.166106 2.334667 0.087981 0.994462 0.057485 85.785416 0.160738 -0.071125 0.984431 37.412270 0.000000 0.000000 0.000000 1.000000
0.979858 -0.103047 -0.171054 2.404037 0.117326 0.990215 0.075558 85.266708 0.161594 -0.094105 0.982360 40.610600 0.000000 0.000000 0.000000 1.000000
0.978663 -0.114885 -0.170355 2.418994 0.132305 0.986677 0.094673 85.176353 0.157209 -0.115192 0.980824 43.710953 0.000000 0.000000 0.000000 1.000000
0.980476 -0.106656 -0.165204 2.426702 0.125804 0.985924 0.110123 85.485741 0.151133 -0.128756 0.980092 46.813202 0.000000 0.000000 0.000000 1.000000
0.984611 -0.085896 -0.152196 2.411553 0.104598 0.987314 0.119461 85.999908 0.140004 -0.133542 0.981104 49.877644 0.000000 0.000000 0.000000 1.000000
0.989668 -0.062650 -0.128962 2.330215 0.078711 0.989222 0.123467 86.536255 0.119837 -0.132342 0.983933 52.822620 0.000000 0.000000 0.000000 1.000000
0.994162 -0.041715 -0.099510 2.169896 0.053939 0.990878 0.123494 87.020416 0.093451 -0.128141 0.987343 55.622860 0.000000 0.000000 0.000000 1.000000
0.997118 -0.024238 -0.071886 1.961807 0.032770 0.992235 0.119981 87.442665 0.068420 -0.121991 0.990170 58.319275 0.000000 0.000000 0.000000 1.000000
0.998582 -0.010791 -0.052123 1.748657 0.016681 0.993349 0.113929 87.763084 0.050547 -0.114637 0.992121 60.990902 0.000000 0.000000 0.000000 1.000000
0.999150 -0.001496 -0.041184 1.545940 0.005934 0.994150 0.107850 87.886993 0.040782 -0.108002 0.993314 63.739784 0.000000 0.000000 0.000000 1.000000
0.999336 0.004439 -0.036152 1.324834 -0.000656 0.994579 0.103981 87.748657 0.036417 -0.103888 0.993922 66.683487 0.000000 0.000000 0.000000 1.000000
0.999429 0.007409 -0.032972 1.034077 -0.003994 0.994729 0.102463 87.411224 0.033557 -0.102273 0.994190 69.947388 0.000000 0.000000 0.000000 1.000000
0.999548 0.008655 -0.028774 0.657620 -0.005673 0.994751 0.102164 86.989975 0.029507 -0.101955 0.994351 73.591232 0.000000 0.000000 0.000000 1.000000
0.999682 0.011637 -0.022349 0.235308 -0.009266 0.994594 0.103423 86.610001 0.023432 -0.103183 0.994386 77.531830 0.000000 0.000000 0.000000 1.000000
0.999710 0.020391 -0.012833 -0.191144 -0.018884 0.993941 0.108283 86.269745 0.014963 -0.108009 0.994037 81.592606 0.000000 0.000000 0.000000 1.000000
0.999232 0.039164 -0.000784 -0.592123 -0.038805 0.992407 0.116715 85.937553 0.005349 -0.116595 0.993165 85.521820 0.000000 0.000000 0.000000 1.000000
0.997676 0.067267 0.010813 -0.921260 -0.068092 0.989787 0.125240 85.622742 -0.002279 -0.125685 0.992068 89.117592 0.000000 0.000000 0.000000 1.000000
0.995289 0.094896 0.019873 -1.129956 -0.096680 0.986806 0.129870 85.388924 -0.007286 -0.131180 0.991332 92.366379 0.000000 0.000000 0.000000 1.000000
0.993696 0.108666 0.027574 -1.232448 -0.111321 0.985515 0.127935 85.349991 -0.013273 -0.130198 0.991399 95.402061 0.000000 0.000000 0.000000 1.000000
0.994073 0.103351 0.033725 -1.295666 -0.106668 0.987153 0.118954 85.589241 -0.020998 -0.121846 0.992327 98.356674 0.000000 0.000000 0.000000 1.000000
0.995846 0.084947 0.032788 -1.351511 -0.087960 0.990548 0.105252 86.058830 -0.023537 -0.107698 0.993905 101.284798 0.000000 0.000000 0.000000 1.000000
0.997864 0.062378 0.019378 -1.364124 -0.063886 0.993829 0.090681 86.595482 -0.013602 -0.091726 0.995691 104.182541 0.000000 0.000000 0.000000 1.000000
0.999199 0.039729 -0.004750 -1.288358 -0.039240 0.996201 0.077736 87.053810 0.007821 -0.077488 0.996963 107.038727 0.000000 0.000000 0.000000 1.000000
0.999339 0.016554 -0.032370 -1.128629 -0.014427 0.997789 0.064882 87.412888 0.033373 -0.064372 0.997368 109.866997 0.000000 0.000000 0.000000 1.000000
0.998321 -0.006629 -0.057546 -0.926001 0.009489 0.998726 0.049570 87.730545 0.057144 -0.050033 0.997111 112.695961 0.000000 0.000000 0.000000 1.000000
0.996561 -0.025479 -0.078842 -0.708637 0.028201 0.999037 0.033614 88.016266 0.077910 -0.035722 0.996320 115.563683 0.000000 0.000000 0.000000 1.000000
0.994646 -0.035528 -0.097043 -0.468448 0.037815 0.999046 0.021831 88.189377 0.096175 -0.025384 0.995041 118.551094 0.000000 0.000000 0.000000 1.000000
0.993023 -0.036847 -0.112019 -0.168795 0.038944 0.999104 0.016586 88.136490 0.111307 -0.020833 0.993568 121.797424 0.000000 0.000000 0.000000 1.000000
0.991880 -0.033917 -0.122575 0.230687 0.036136 0.999220 0.015922 87.871254 0.121939 -0.020222 0.992332 125.416969 0.000000 0.000000 0.000000 1.000000
0.991053 -0.035229 -0.128735 0.726281 0.037719 0.999144 0.016958 87.559898 0.128027 -0.021662 0.991534 129.355377 0.000000 0.000000 0.000000 1.000000
0.990081 -0.047060 -0.132380 1.266324 0.050174 0.998535 0.020283 87.286774 0.131231 -0.026724 0.990992 133.439972 0.000000 0.000000 0.000000 1.000000
0.988376 -0.068640 -0.135654 1.788968 0.073256 0.996882 0.029333 86.978065 0.133218 -0.038929 0.990322 137.458755 0.000000 0.000000 0.000000 1.000000
0.985801 -0.095947 -0.137810 2.236566 0.103034 0.993649 0.045234 86.521774 0.132594 -0.058791 0.989425 141.229095 0.000000 0.000000 0.000000 1.000000
0.982736 -0.123970 -0.137340 2.589484 0.133722 0.988939 0.064180 86.013748 0.127865 -0.081437 0.988443 144.663101 0.000000 0.000000 0.000000 1.000000
0.980482 -0.143152 -0.134770 2.877234 0.154858 0.984631 0.080750 85.650620 0.121139 -0.100044 0.987581 147.859070 0.000000 0.000000 0.000000 1.000000
0.980688 -0.145858 -0.130295 3.131366 0.158557 0.982957 0.093036 85.551147 0.114505 -0.111898 0.987101 150.974274 0.000000 0.000000 0.000000 1.000000
0.983671 -0.133563 -0.120629 3.347956 0.146287 0.983801 0.103615 85.687614 0.104835 -0.119569 0.987275 154.072723 0.000000 0.000000 0.000000 1.000000
0.988258 -0.113930 -0.101811 3.498759 0.125421 0.985453 0.114680 85.949379 0.087264 -0.126103 0.988172 157.127777 0.000000 0.000000 0.000000 1.000000
0.992811 -0.093144 -0.075165 3.568504 0.101976 0.987054 0.123796 86.249939 0.062661 -0.130571 0.989457 160.098694 0.000000 0.000000 0.000000 1.000000
0.996173 -0.073442 -0.047397 3.578124 0.078889 0.988924 0.125718 86.570000 0.037639 -0.128976 0.990933 162.964066 0.000000 0.000000 0.000000 1.000000
0.998137 -0.055638 -0.025029 3.562917 0.058228 0.991227 0.118651 86.917358 0.018208 -0.119887 0.992621 165.715576 0.000000 0.000000 0.000000 1.000000
0.999118 -0.040561 -0.010826 3.538035 0.041493 0.993306 0.107804 87.252808 0.006381 -0.108158 0.994113 168.378662 0.000000 0.000000 0.000000 1.000000
0.999580 -0.028625 -0.004434 3.498932 0.028926 0.994518 0.100489 87.463829 0.001533 -0.100576 0.994928 171.061127 0.000000 0.000000 0.000000 1.000000
0.999797 -0.019760 -0.003888 3.431844 0.020047 0.994899 0.098860 87.447525 0.001914 -0.098917 0.995094 173.957977 0.000000 0.000000 0.000000 1.000000
0.999891 -0.013173 -0.006711 3.311546 0.013776 0.994942 0.099501 87.231079 0.005366 -0.099582 0.995015 177.259766 0.000000 0.000000 0.000000 1.000000
0.999908 -0.009120 -0.010020 3.104913 0.010070 0.995011 0.099251 86.877335 0.009065 -0.099343 0.995012 181.069458 0.000000 0.000000 0.000000 1.000000
0.999933 -0.002173 -0.011333 2.847029 0.003295 0.994988 0.099935 86.617599 0.011059 -0.099966 0.994929 185.199509 0.000000 0.000000 0.000000 1.000000
0.999913 0.011196 -0.006928 2.586650 -0.010404 0.994379 0.105370 86.466408 0.008069 -0.105288 0.994409 189.443497 0.000000 0.000000 0.000000 1.000000
0.999485 0.031818 0.004127 2.342152 -0.032082 0.992805 0.115369 86.278366 -0.000426 -0.115442 0.993314 193.525391 0.000000 0.000000 0.000000 1.000000
0.998181 0.057531 0.018030 2.138697 -0.059343 0.990340 0.125323 86.043526 -0.010646 -0.126165 0.991952 197.237625 0.000000 0.000000 0.000000 1.000000
0.996373 0.079904 0.029255 2.011362 -0.083045 0.988074 0.129669 85.857552 -0.018545 -0.131629 0.991126 200.594498 0.000000 0.000000 0.000000 1.000000
0.995364 0.089730 0.034625 1.971957 -0.093407 0.987667 0.125652 85.812759 -0.022923 -0.128304 0.991470 203.742935 0.000000 0.000000 0.000000 1.000000
0.995865 0.084992 0.032086 1.994869 -0.088168 0.989343 0.115874 85.956696 -0.021896 -0.118224 0.992746 206.803101 0.000000 0.000000 0.000000 1.000000
0.997253 0.071606 0.018926 2.063024 -0.073216 0.991664 0.106025 86.233017 -0.011177 -0.107119 0.994183 209.815231 0.000000 0.000000 0.000000 1.000000
0.998469 0.055051 -0.005312 2.181108 -0.054257 0.993619 0.098880 86.537262 0.010721 -0.098441 0.995085 212.793152 0.000000 0.000000 0.000000 1.000000
0.998749 0.035286 -0.035422 2.338166 -0.031887 0.995221 0.092296 86.815620 0.038509 -0.091051 0.995101 215.742584 0.000000 0.000000 0.000000 1.000000
0.997876 0.011312 -0.064160 2.503405 -0.005959 0.996530 0.083023 87.086166 0.064876 -0.082465 0.994480 218.653076 0.000000 0.000000 0.000000 1.000000
0.995984 -0.012812 -0.088605 2.661766 0.019140 0.997296 0.070950 87.370445 0.087457 -0.072361 0.993537 221.519867 0.000000 0.000000 0.000000 1.000000
0.993479 -0.029932 -0.110017 2.824973 0.036642 0.997556 0.059485 87.632324 0.107968 -0.063129 0.992148 224.383148 0.000000 0.000000 0.000000 1.000000
0.991003 -0.037372 -0.128516 3.011091 0.044421 0.997636 0.052429 87.792526 0.126253 -0.057667 0.990321 227.338516 0.000000 0.000000 0.000000 1.000000
0.989148 -0.039912 -0.141399 3.237111 0.047435 0.997610 0.050241 87.786362 0.139056 -0.056403 0.988677 230.518951 0.000000 0.000000 0.000000 1.000000
0.988191 -0.044091 -0.146748 3.526173 0.051862 0.997424 0.049549 87.609177 0.144185 -0.056575 0.987932 234.101440 0.000000 0.000000 0.000000 1.000000
0.987399 -0.053249 -0.149021 3.907339 0.060944 0.997008 0.047553 87.349831 0.146043 -0.056036 0.987690 238.117798 0.000000 0.000000 0.000000 1.000000
0.985663 -0.067182 -0.154777 4.370275 0.075101 0.996119 0.045893 87.051872 0.151093 -0.056859 0.986883 242.440552 0.000000 0.000000 0.000000 1.000000
0.982185 -0.087702 -0.166193 4.840086 0.096990 0.994098 0.048607 86.682022 0.160949 -0.063860 0.984895 246.786270 0.000000 0.000000 0.000000 1.000000
0.977003 -0.113359 -0.180598 5.236367 0.125624 0.990384 0.057952 86.163284 0.172292 -0.079307 0.981848 250.877472 0.000000 0.000000 0.000000 1.000000
0.971434 -0.138872 -0.192435 5.501503 0.155357 0.985133 0.073329 85.561050 0.179390 -0.101130 0.978566 254.608063 0.000000 0.000000 0.000000 1.000000
0.967836 -0.154683 -0.198413 5.646308 0.175336 0.980291 0.091034 85.107056 0.180421 -0.122895 0.975882 258.093292 0.000000 0.000000 0.000000 1.000000
0.968072 -0.154965 -0.197034 5.727561 0.178088 0.978339 0.105532 85.013245 0.176412 -0.137252 0.974700 261.516632 0.000000 0.000000 0.000000 1.000000
0.972161 -0.142797 -0.185776 5.777806 0.165865 0.979402 0.115150 85.294312 0.165506 -0.142758 0.975822 264.933746 0.000000 0.000000 0.000000 1.000000
0.978740 -0.124629 -0.162897 5.762043 0.145676 0.981485 0.124357 85.775871 0.144382 -0.145444 0.978775 268.270294 0.000000 0.000000 0.000000 1.000000
0.985854 -0.103775 -0.131612 5.621343 0.121709 0.983137 0.136486 86.253098 0.115229 -0.150573 0.981860 271.462585 0.000000 0.000000 0.000000 1.000000
0.991720 -0.081176 -0.099504 5.361110 0.095380 0.984453 0.147492 86.641022 0.085984 -0.155762 0.984045 274.522522 0.000000 0.000000 0.000000 1.000000
0.995533 -0.059490 -0.073320 5.060694 0.069987 0.986188 0.150113 86.973404 0.063377 -0.154574 0.985946 277.489960 0.000000 0.000000 0.000000 1.000000
0.997527 -0.043159 -0.055464 4.785159 0.050686 0.988511 0.142396 87.270264 0.048681 -0.144855 0.988255 280.410431 0.000000 0.000000 0.000000 1.000000
0.998426 -0.034239 -0.044432 4.524183 0.039733 0.990804 0.129336 87.460648 0.039595 -0.130898 0.990605 283.386169 0.000000 0.000000 0.000000 1.000000
0.998865 -0.030491 -0.036598 4.220118 0.034575 0.992562 0.116730 87.450493 0.032767 -0.117863 0.992489 286.592285 0.000000 0.000000 0.000000 1.000000
0.999178 -0.028528 -0.028792 3.826248 0.031429 0.993874 0.105955 87.219521 0.025593 -0.106773 0.993954 290.197083 0.000000 0.000000 0.000000 1.000000
0.999412 -0.027299 -0.020731 3.339368 0.029148 0.995066 0.094834 86.806831 0.018040 -0.095382 0.995277 294.251495 0.000000 0.000000 0.000000 1.000000
0.999714 -0.019305 -0.014088 2.819779 0.020422 0.996255 0.084016 86.548882 0.012414 -0.084280 0.996365 298.497955 0.000000 0.000000 0.000000 1.000000
0.999965 0.000716 -0.008363 2.318393 -0.000049 0.996834 0.079510 86.419769 0.008394 -0.079506 0.996799 302.673920 0.000000 0.000000 0.000000 1.000000
0.999448 0.033114 -0.002602 1.847835 -0.032770 0.995793 0.085575 86.274300 0.005424 -0.085442 0.996328 306.523621 0.000000 0.000000 0.000000 1.000000
0.997666 0.068074 0.005330 1.411080 -0.068268 0.992770 0.098731 86.140945 0.001430 -0.098864 0.995100 310.041870 0.000000 0.000000 0.000000 1.000000
0.995673 0.091482 0.016333 1.004654 -0.092732 0.989528 0.110608 86.073929 -0.006044 -0.111644 0.993730 313.325562 0.000000 0.000000 0.000000 1.000000
0.995074 0.095602 0.026243 0.636237 -0.098005 0.988519 0.114999 86.158943 -0.014947 -0.117005 0.993019 316.510712 0.000000 0.000000 0.000000 1.000000
0.996057 0.084820 0.026002 0.340160 -0.087210 0.989922 0.111570 86.409828 -0.016277 -0.113398 0.993416 319.661438 0.000000 0.000000 0.000000 1.000000
0.997624 0.068251 0.009366 0.159892 -0.068854 0.992254 0.103400 86.742966 -0.002236 -0.103799 0.994596 322.773865 0.000000 0.000000 0.000000 1.000000
0.998447 0.051036 -0.022357 0.116508 -0.048760 0.994504 0.092647 87.052261 0.026962 -0.091413 0.995448 325.826782 0.000000 0.000000 0.000000 1.000000</float_array><technique_common><accessor source="#mixamorig_Hips-Matrix-animation-output-transform-array" count="100" stride="16"><param type="float4x4"/></accessor></technique_common></source><source id="mixamorig_Hips-Interpolations"><Name_array id="mixamorig_Hips-Interpolations-array" count="100">
 LINEAR LINEAR LINEAR LINEAR LINEAR LINEAR LINEAR LINEAR LINEAR LINEAR LINEAR
LINEAR LINEAR LINEAR LINEAR LINEAR LINEAR LINEAR LINEAR LINEAR LINEAR LINEAR LINEAR
LINEAR LINEAR LINEAR LINEAR LINEAR LINEAR LINEAR LINEAR LINEAR LINEAR LINEAR LINEAR
LINEAR LINEAR LINEAR LINEAR LINEAR LINEAR LINEAR LINEAR LINEAR LINEAR LINEAR LINEAR
LINEAR LINEAR LINEAR LINEAR LINEAR LINEAR LINEAR LINEAR LINEAR LINEAR LINEAR LINEAR
LINEAR LINEAR LINEAR LINEAR LINEAR LINEAR LINEAR LINEAR LINEAR LINEAR LINEAR LINEAR
LINEAR LINEAR LINEAR LINEAR LINEAR LINEAR LINEAR LINEAR LINEAR LINEAR LINEAR LINEAR
LINEAR LINEAR LINEAR LINEAR LINEAR LINEAR LINEAR LINEAR LINEAR LINEAR LINEAR LINEAR
LINEAR LINEAR LINEAR LINEAR LINEAR</Name_array><technique_common><accessor source="#mixamorig_Hips-Interpolations-array" count="100"><param type="name"/></accessor></technique_common></source><sampler id="mixamorig_Hips-Matrix-animation-transform"><input semantic="INPUT" source="#mixamorig_Hips-Matrix-animation-input"/><input semantic="OUTPUT" source="#mixamorig_Hips-Matrix-animation-output-transform"/><input semantic="INTERPOLATION" source="#mixamorig_Hips-Interpolations"/></sampler><channel source="#mixamorig_Hips-Matrix-animation-transform" target="mixamorig_Hips/matrix"/></animation>
    <animation id="mixamorig_Spine-anim" name="mixamorig_Spine"><source id="mixamorig_Spine-Matrix-animation-input"><float_array id="mixamorig_Spine-Matrix-animation-input-array" count="100">

0.000000 0.033333 0.066667 0.100000 0.133333 0.166667 0.200000 0.233333 0.266667 0.300000 0.333333 0.366667 0.400000 0.433333 0.466667 0.500000
0.533333 0.566667 0.600000 0.633333 0.666667 0.700000 0.733333 0.766667 0.800000 0.833333 0.866667 0.900000 0.933333 0.966667 1.000000 1.033333
1.066667 1.100000 1.133333 1.166667 1.200000 1.233333 1.266667 1.300000 1.333333 1.366667 1.400000 1.433333 1.466667 1.500000 1.533333 1.566667
1.600000 1.633333 1.666667 1.700000 1.733333 1.766667 1.800000 1.833333 1.866667 1.900000 1.933333 1.966667 2.000000 2.033333 2.066667 2.100000
2.133333 2.166667 2.200000 2.233333 2.266667 2.300000 2.333333 2.366667 2.400000 2.433333 2.466667 2.500000 2.533333 2.566667 2.600000 2.633333
2.666667 2.700000 2.733333 2.766667 2.800000 2.833333 2.866667 2.900000 2.933333 2.966667 3.000000 3.033333 3.066667 3.100000 3.133333 3.166667
3.200000 3.233333 3.266667 3.300000</float_array><technique_common><accessor source="#mixamorig_Spine-Matrix-animation-input-array" count="100"><param name="TIME" type="float"/></accessor></technique_common></source><source id="mixamorig_Spine-Matrix-animation-output-transform"><float_array id="mixamorig_Spine-Matrix-animation-output-transform-array" count="1600">

0.999785 -0.020695 -0.001054 0.005100 0.020639 0.999045 -0.038511 8.712000 0.001850 0.038481 0.999258 -0.691000 0.000000 0.000000 0.000000 1.000000
0.999887 -0.013161 0.007323 0.005100 0.013437 0.999150 -0.038966 8.712000 -0.006804 0.039060 0.999214 -0.691000 0.000000 0.000000 0.000000 1.000000
0.999877 -0.005740 0.014566 0.005100 0.006297 0.999239 -0.038486 8.712000 -0.014334 0.038573 0.999153 -0.691000 0.000000 0.000000 0.000000 1.000000
0.999789 0.000706 0.020534 0.005100 0.000059 0.999307 -0.037227 8.712000 -0.020546 0.037220 0.999096 -0.691000 0.000000 0.000000 0.000000 1.000000
0.999671 0.005313 0.025110 0.005100 -0.004417 0.999357 -0.035580 8.712000 -0.025283 0.035458 0.999051 -0.691000 0.000000 0.000000 0.000000 1.000000
0.999578 0.007863 0.027951 0.005100 -0.006916 0.999404 -0.033806 8.712000 -0.028200 0.033599 0.999037 -0.691000 0.000000 0.000000 0.000000 1.000000
0.999552 0.007900 0.028880 0.005100 -0.006978 0.999467 -0.031879 8.712000 -0.029117 0.031663 0.999074 -0.691000 0.000000 0.000000 0.000000 1.000000
0.999571 0.005865 0.028695 0.005100 -0.005008 0.999542 -0.029852 8.712000 -0.028857 0.029695 0.999142 -0.691000 0.000000 0.000000 0.000000 1.000000
0.999575 0.004613 0.028788 0.005100 -0.003812 0.999606 -0.027825 8.712000 -0.028905 0.027703 0.999198 -0.691000 0.000000 0.000000 0.000000 1.000000
0.999516 0.006118 0.030503 0.005100 -0.005332 0.999653 -0.025793 8.712000 -0.030651 0.025618 0.999202 -0.691000 0.000000 0.000000 0.000000 1.000000
0.999402 0.008687 0.033472 0.005100 -0.007877 0.999674 -0.024270 8.712000 -0.033672 0.023992 0.999145 -0.691000 0.000000 0.000000 0.000000 1.000000
0.999283 0.014536 0.034947 0.005100 -0.013685 0.999607 -0.024475 8.712000 -0.035289 0.023979 0.999089 -0.691000 0.000000 0.000000 0.000000 1.000000
0.999102 0.025960 0.033488 0.005100 -0.025049 0.999312 -0.027338 8.712000 -0.034174 0.026475 0.999065 -0.691000 0.000000 0.000000 0.000000 1.000000
0.998803 0.039020 0.029483 0.005100 -0.038061 0.998750 -0.032397 8.712000 -0.030710 0.031237 0.999040 -0.691000 0.000000 0.000000 0.000000 1.000000
0.998627 0.046554 0.024002 0.005100 -0.045630 0.998247 -0.037695 8.712000 -0.025715 0.036548 0.999001 -0.691000 0.000000 0.000000 0.000000 1.000000
0.998810 0.045517 0.017503 0.005100 -0.044763 0.998142 -0.041335 8.712000 -0.019352 0.040502 0.998992 -0.691000 0.000000 0.000000 0.000000 1.000000
0.999201 0.038698 0.009967 0.005100 -0.038234 0.998337 -0.043140 8.712000 -0.011619 0.042724 0.999019 -0.691000 0.000000 0.000000 0.000000 1.000000
0.999537 0.030384 0.001731 0.005100 -0.030278 0.998562 -0.044231 8.712000 -0.003072 0.044158 0.999020 -0.691000 0.000000 0.000000 0.000000 1.000000
0.999719 0.022895 -0.006206 0.005100 -0.023154 0.998697 -0.045472 8.712000 0.005156 0.045603 0.998946 -0.691000 0.000000 0.000000 0.000000 1.000000
0.999781 0.016677 -0.012675 0.005100 -0.017253 0.998756 -0.046781 8.712000 0.011879 0.046989 0.998825 -0.691000 0.000000 0.000000 0.000000 1.000000
0.999787 0.011604 -0.017074 0.005100 -0.012407 0.998784 -0.047720 8.712000 0.016499 0.047922 0.998715 -0.691000 0.000000 0.000000 0.000000 1.000000
0.999779 0.007473 -0.019659 0.005100 -0.008412 0.998807 -0.048095 8.712000 0.019276 0.048250 0.998649 -0.691000 0.000000 0.000000 0.000000 1.000000
0.999766 0.004269 -0.021193 0.005100 -0.005279 0.998843 -0.047805 8.712000 0.020965 0.047905 0.998632 -0.691000 0.000000 0.000000 0.000000 1.000000
0.999746 0.003011 -0.022342 0.005100 -0.004046 0.998912 -0.046451 8.712000 0.022178 0.046530 0.998671 -0.691000 0.000000 0.000000 0.000000 1.000000
0.999724 0.003515 -0.023207 0.005100 -0.004524 0.999040 -0.043569 8.712000 0.023032 0.043662 0.998781 -0.691000 0.000000 0.000000 0.000000 1.000000
0.999716 0.003331 -0.023611 0.005100 -0.004264 0.999208 -0.039575 8.712000 0.023461 0.039664 0.998938 -0.691000 0.000000 0.000000 0.000000 1.000000
0.999710 0.000712 -0.024059 0.005100 -0.001581 0.999346 -0.036115 8.712000 0.024017 0.036142 0.999058 -0.691000 0.000000 0.000000 0.000000 1.000000
0.999672 -0.005798 -0.024962 0.005100 0.004925 0.999378 -0.034926 8.712000 0.025149 0.034791 0.999078 -0.691000 0.000000 0.000000 0.000000 1.000000
0.999530 -0.016303 -0.025955 0.005100 0.015355 0.999222 -0.036325 8.712000 0.026527 0.035910 0.999003 -0.691000 0.000000 0.000000 0.000000 1.000000
0.999263 -0.027950 -0.026312 0.005100 0.026913 0.998878 -0.038975 8.712000 0.027372 0.038238 0.998894 -0.691000 0.000000 0.000000 0.000000 1.000000
0.999034 -0.035874 -0.025389 0.005100 0.034816 0.998554 -0.040965 8.712000 0.026822 0.040041 0.998838 -0.691000 0.000000 0.000000 0.000000 1.000000
0.999061 -0.037019 -0.022512 0.005100 0.036069 0.998498 -0.041234 8.712000 0.024005 0.040383 0.998896 -0.691000 0.000000 0.000000 0.000000 1.000000
0.999333 -0.032196 -0.017223 0.005100 0.031484 0.998699 -0.040107 8.712000 0.018492 0.039538 0.999047 -0.691000 0.000000 0.000000 0.000000 1.000000
0.999651 -0.024452 -0.010028 0.005100 0.024046 0.998956 -0.038840 8.712000 0.010967 0.038585 0.999195 -0.691000 0.000000 0.000000 0.000000 1.000000
0.999868 -0.016084 -0.002190 0.005100 0.015988 0.999137 -0.038345 8.712000 0.002804 0.038305 0.999262 -0.691000 0.000000 0.000000 0.000000 1.000000
0.999959 -0.007477 0.005119 0.005100 0.007666 0.999244 -0.038110 8.712000 -0.004830 0.038147 0.999260 -0.691000 0.000000 0.000000 0.000000 1.000000
0.999936 0.001316 0.011223 0.005100 -0.000898 0.999309 -0.037164 8.712000 -0.011265 0.037151 0.999246 -0.691000 0.000000 0.000000 0.000000 1.000000
0.999831 0.009046 0.015982 0.005100 -0.008470 0.999325 -0.035755 8.712000 -0.016294 0.035613 0.999233 -0.691000 0.000000 0.000000 0.000000 1.000000
0.999708 0.014118 0.019603 0.005100 -0.013429 0.999302 -0.034850 8.712000 -0.020082 0.034577 0.999200 -0.691000 0.000000 0.000000 0.000000 1.000000
0.999625 0.015838 0.022316 0.005100 -0.015063 0.999292 -0.034482 8.712000 -0.022847 0.034133 0.999156 -0.691000 0.000000 0.000000 0.000000 1.000000
0.999605 0.014279 0.024193 0.005100 -0.013464 0.999348 -0.033506 8.712000 -0.024656 0.033167 0.999146 -0.691000 0.000000 0.000000 0.000000 1.000000
0.999587 0.013111 0.025571 0.005100 -0.012314 0.999441 -0.031095 8.712000 -0.025964 0.030767 0.999189 -0.691000 0.000000 0.000000 0.000000 1.000000
0.999500 0.016508 0.026979 0.005100 -0.015748 0.999480 -0.028131 8.712000 -0.027429 0.027692 0.999240 -0.691000 0.000000 0.000000 0.000000 1.000000
0.999281 0.024368 0.029060 0.005100 -0.023588 0.999360 -0.026893 8.712000 -0.029697 0.026188 0.999216 -0.691000 0.000000 0.000000 0.000000 1.000000
0.998922 0.034617 0.030935 0.005100 -0.033721 0.999010 -0.029032 8.712000 -0.031909 0.027957 0.999100 -0.691000 0.000000 0.000000 0.000000 1.000000
0.998453 0.045976 0.031282 0.005100 -0.044913 0.998416 -0.033888 8.712000 -0.032790 0.032430 0.998936 -0.691000 0.000000 0.000000 0.000000 1.000000
0.998060 0.054803 0.029549 0.005100 -0.053630 0.997794 -0.039137 8.712000 -0.031629 0.037476 0.998797 -0.691000 0.000000 0.000000 0.000000 1.000000
0.998003 0.057755 0.025596 0.005100 -0.056618 0.997466 -0.043090 8.712000 -0.028020 0.041555 0.998743 -0.691000 0.000000 0.000000 0.000000 1.000000
0.998296 0.054989 0.019502 0.005100 -0.054047 0.997483 -0.045901 8.712000 -0.021977 0.044769 0.998756 -0.691000 0.000000 0.000000 0.000000 1.000000
0.998725 0.049073 0.011821 0.005100 -0.048446 0.997647 -0.048508 8.712000 -0.014174 0.047873 0.998753 -0.691000 0.000000 0.000000 0.000000 1.000000
0.999101 0.042240 0.003735 0.005100 -0.041995 0.997812 -0.051058 8.712000 -0.005883 0.050855 0.998689 -0.691000 0.000000 0.000000 0.000000 1.000000
0.999370 0.035300 -0.003549 0.005100 -0.035439 0.997979 -0.052739 8.712000 0.001680 0.052832 0.998602 -0.691000 0.000000 0.000000 0.000000 1.000000
0.999549 0.028487 -0.009450 0.005100 -0.028950 0.998169 -0.053116 8.712000 0.007919 0.053366 0.998544 -0.691000 0.000000 0.000000 0.000000 1.000000
0.999657 0.022155 -0.013970 0.005100 -0.022867 0.998331 -0.053040 8.712000 0.012771 0.053341 0.998495 -0.691000 0.000000 0.000000 0.000000 1.000000
0.999713 0.016633 -0.017263 0.005100 -0.017535 0.998416 -0.053467 8.712000 0.016346 0.053754 0.998420 -0.691000 0.000000 0.000000 0.000000 1.000000
0.999735 0.012340 -0.019414 0.005100 -0.013371 0.998457 -0.053888 8.712000 0.018719 0.054133 0.998358 -0.691000 0.000000 0.000000 0.000000 1.000000
0.999744 0.009591 -0.020471 0.005100 -0.010662 0.998546 -0.052833 8.712000 0.019935 0.053037 0.998394 -0.691000 0.000000 0.000000 0.000000 1.000000
0.999726 0.010115 -0.021119 0.005100 -0.011153 0.998706 -0.049611 8.712000 0.020590 0.049833 0.998545 -0.691000 0.000000 0.000000 0.000000 1.000000
0.999725 0.009878 -0.021263 0.005100 -0.010836 0.998911 -0.045375 8.712000 0.020792 0.045593 0.998744 -0.691000 0.000000 0.000000 0.000000 1.000000
0.999734 0.006240 -0.022189 0.005100 -0.007171 0.999087 -0.042118 8.712000 0.021906 0.042266 0.998866 -0.691000 0.000000 0.000000 0.000000 1.000000
0.999703 -0.001134 -0.024354 0.005100 0.000128 0.999149 -0.041248 8.712000 0.024380 0.041233 0.998852 -0.691000 0.000000 0.000000 0.000000 1.000000
0.999576 -0.011529 -0.026734 0.005100 0.010381 0.999036 -0.042664 8.712000 0.027200 0.042368 0.998732 -0.691000 0.000000 0.000000 0.000000 1.000000
0.999387 -0.021632 -0.027519 0.005100 0.020394 0.998801 -0.044512 8.712000 0.028449 0.043924 0.998630 -0.691000 0.000000 0.000000 0.000000 1.000000
0.999285 -0.027915 -0.025509 0.005100 0.026753 0.998637 -0.044806 8.712000 0.026725 0.044091 0.998670 -0.691000 0.000000 0.000000 0.000000 1.000000
0.999373 -0.028853 -0.020510 0.005100 0.027937 0.998658 -0.043602 8.712000 0.021740 0.043002 0.998838 -0.691000 0.000000 0.000000 0.000000 1.000000
0.999581 -0.025696 -0.013329 0.005100 0.025108 0.998778 -0.042572 8.712000 0.014407 0.042219 0.999004 -0.691000 0.000000 0.000000 0.000000 1.000000
0.999780 -0.020255 -0.005423 0.005100 0.020006 0.998892 -0.042591 8.712000 0.006280 0.042473 0.999078 -0.691000 0.000000 0.000000 0.000000 1.000000
0.999913 -0.013071 0.001785 0.005100 0.013136 0.998989 -0.042995 8.712000 -0.001221 0.043015 0.999074 -0.691000 0.000000 0.000000 0.000000 1.000000
0.999961 -0.004217 0.007788 0.005100 0.004547 0.999070 -0.042887 8.712000 -0.007600 0.042921 0.999050 -0.691000 0.000000 0.000000 0.000000 1.000000
0.999902 0.005008 0.013046 0.005100 -0.004453 0.999098 -0.042227 8.712000 -0.013246 0.042165 0.999023 -0.691000 0.000000 0.000000 0.000000 1.000000
0.999760 0.012387 0.018067 0.005100 -0.011625 0.999063 -0.041693 8.712000 -0.018567 0.041473 0.998967 -0.691000 0.000000 0.000000 0.000000 1.000000
0.999598 0.017014 0.022668 0.005100 -0.016056 0.998996 -0.041832 8.712000 -0.023357 0.041451 0.998867 -0.691000 0.000000 0.000000 0.000000 1.000000
0.999456 0.019900 0.026297 0.005100 -0.018778 0.998930 -0.042258 8.712000 -0.027110 0.041741 0.998761 -0.691000 0.000000 0.000000 0.000000 1.000000
0.999366 0.021596 0.028317 0.005100 -0.020409 0.998927 -0.041562 8.712000 -0.029184 0.040958 0.998735 -0.691000 0.000000 0.000000 0.000000 1.000000
0.999283 0.022590 0.030383 0.005100 -0.021411 0.999025 -0.038602 8.712000 -0.031225 0.037924 0.998793 -0.691000 0.000000 0.000000 0.000000 1.000000
0.999142 0.023788 0.033891 0.005100 -0.022635 0.999165 -0.034022 8.712000 -0.034672 0.033226 0.998846 -0.691000 0.000000 0.000000 0.000000 1.000000
0.998866 0.028732 0.037975 0.005100 -0.027590 0.999161 -0.030263 8.712000 -0.038813 0.029181 0.998820 -0.691000 0.000000 0.000000 0.000000 1.000000
0.998440 0.037292 0.041552 0.005100 -0.036076 0.998909 -0.029654 8.712000 -0.042613 0.028108 0.998696 -0.691000 0.000000 0.000000 0.000000 1.000000
0.997937 0.047774 0.042898 0.005100 -0.046392 0.998390 -0.032648 8.712000 -0.044389 0.030590 0.998546 -0.691000 0.000000 0.000000 0.000000 1.000000
0.997574 0.056179 0.041103 0.005100 -0.054657 0.997810 -0.037247 8.712000 -0.043105 0.034910 0.998460 -0.691000 0.000000 0.000000 0.000000 1.000000
0.997619 0.058884 0.035903 0.005100 -0.057416 0.997523 -0.040632 8.712000 -0.038206 0.038474 0.998529 -0.691000 0.000000 0.000000 0.000000 1.000000
0.998064 0.055690 0.027679 0.005100 -0.054498 0.997625 -0.042117 8.712000 -0.029958 0.040527 0.998729 -0.691000 0.000000 0.000000 0.000000 1.000000
0.998633 0.049153 0.017799 0.005100 -0.048338 0.997876 -0.043667 8.712000 -0.019907 0.042747 0.998888 -0.691000 0.000000 0.000000 0.000000 1.000000
0.999094 0.041772 0.008174 0.005100 -0.041346 0.998049 -0.046780 8.712000 -0.010112 0.046399 0.998872 -0.691000 0.000000 0.000000 0.000000 1.000000
0.999408 0.034391 0.000313 0.005100 -0.034332 0.998144 -0.050306 8.712000 -0.002042 0.050265 0.998734 -0.691000 0.000000 0.000000 0.000000 1.000000
0.999618 0.027124 -0.005226 0.005100 -0.027359 0.998273 -0.051981 8.712000 0.003807 0.052104 0.998634 -0.691000 0.000000 0.000000 0.000000 1.000000
0.999749 0.020562 -0.008933 0.005100 -0.020992 0.998474 -0.051084 8.712000 0.007869 0.051259 0.998654 -0.691000 0.000000 0.000000 0.000000 1.000000
0.999812 0.015344 -0.011854 0.005100 -0.015904 0.998684 -0.048767 8.712000 0.011090 0.048946 0.998740 -0.691000 0.000000 0.000000 0.000000 1.000000
0.999827 0.011526 -0.014625 0.005100 -0.012188 0.998864 -0.046069 8.712000 0.014078 0.046239 0.998831 -0.691000 0.000000 0.000000 0.000000 1.000000
0.999814 0.009369 -0.016853 0.005100 -0.010078 0.999045 -0.042507 8.712000 0.016438 0.042669 0.998954 -0.691000 0.000000 0.000000 0.000000 1.000000
0.999789 0.010334 -0.017728 0.005100 -0.010983 0.999258 -0.036929 8.712000 0.017333 0.037116 0.999161 -0.691000 0.000000 0.000000 0.000000 1.000000
0.999814 0.008866 -0.017132 0.005100 -0.009381 0.999500 -0.030211 8.712000 0.016856 0.030366 0.999397 -0.691000 0.000000 0.000000 0.000000 1.000000
0.999850 0.002197 -0.017180 0.005100 -0.002638 0.999666 -0.025691 8.712000 0.017118 0.025732 0.999522 -0.691000 0.000000 0.000000 0.000000 1.000000
0.999789 -0.009740 -0.018098 0.005100 0.009266 0.999616 -0.026097 8.712000 0.018345 0.025924 0.999496 -0.691000 0.000000 0.000000 0.000000 1.000000
0.999544 -0.023067 -0.019508 0.005100 0.022461 0.999275 -0.030751 8.712000 0.020203 0.030299 0.999337 -0.691000 0.000000 0.000000 0.000000 1.000000
0.999248 -0.032881 -0.020545 0.005100 0.032118 0.998821 -0.036404 8.712000 0.021718 0.035716 0.999126 -0.691000 0.000000 0.000000 0.000000 1.000000
0.999168 -0.035698 -0.019715 0.005100 0.034887 0.998588 -0.040055 8.712000 0.021117 0.039334 0.999003 -0.691000 0.000000 0.000000 0.000000 1.000000
0.999351 -0.032422 -0.015716 0.005100 0.031756 0.998658 -0.040913 8.712000 0.017022 0.040387 0.999039 -0.691000 0.000000 0.000000 0.000000 1.000000
0.999609 -0.026517 -0.008924 0.005100 0.026140 0.998858 -0.040004 8.712000 0.009975 0.039755 0.999160 -0.691000 0.000000 0.000000 0.000000 1.000000
0.999786 -0.020654 -0.001052 0.005100 0.020598 0.999046 -0.038511 8.712000 0.001846 0.038481 0.999258 -0.691000 0.000000 0.000000 0.000000 1.000000</float_array><technique_common><accessor source="#mixamorig_Spine-Matrix-animation-output-transform-array" count="100" stride="16"><param type="float4x4"/></accessor></technique_common></source><source id="mixamorig_Spine-Interpolations"><Name_array id="mixamorig_Spine-Interpolations-array" count="100">
 LINEAR LINEAR LINEAR LINEAR LINEAR LINEAR LINEAR LINEAR LINEAR LINEAR LINEAR
LINEAR LINEAR LINEAR LINEAR LINEAR LINEAR LINEAR LINEAR LINEAR LINEAR LINEAR LINEAR
LINEAR LINEAR LINEAR LINEAR LINEAR LINEAR LINEAR LINEAR LINEAR LINEAR LINEAR LINEAR
LINEAR LINEAR LINEAR LINEAR LINEAR LINEAR LINEAR LINEAR LINEAR LINEAR LINEAR LINEAR
LINEAR LINEAR LINEAR LINEAR LINEAR LINEAR LINEAR LINEAR LINEAR LINEAR LINEAR LINEAR
LINEAR LINEAR LINEAR LINEAR LINEAR LINEAR LINEAR LINEAR LINEAR LINEAR LINEAR LINEAR
LINEAR LINEAR LINEAR LINEAR LINEAR LINEAR LINEAR LINEAR LINEAR LINEAR LINEAR LINEAR
LINEAR LINEAR LINEAR LINEAR LINEAR LINEAR LINEAR LINEAR LINEAR LINEAR LINEAR LINEAR
LINEAR LINEAR LINEAR LINEAR LINEAR</Name_array><technique_common><accessor source="#mixamorig_Spine-Interpolations-array" count="100"><param type="name"/></accessor></technique_common></source><sampler id="mixamorig_Spine-Matrix-animation-transform"><input semantic="INPUT" source="#mixamorig_Spine-Matrix-animation-input"/><input semantic="OUTPUT" source="#mixamorig_Spine-Matrix-animation-output-transform"/><input semantic="INTERPOLATION" source="#mixamorig_Spine-Interpolations"/></sampler><channel source="#mixamorig_Spine-Matrix-animation-transform" target="mixamorig_Spine/matrix"/></animation>
    <animation id="mixamorig_Spine1-anim" name="mixamorig_Spine1"><source id="mixamorig_Spine1-Matrix-animation-input"><float_array id="mixamorig_Spine1-Matrix-animation-input-array" count="100">

0.000000 0.033333 0.066667 0.100000 0.133333 0.166667 0.200000 0.233333 0.266667 0.300000 0.333333 0.366667 0.400000 0.433333 0.466667 0.500000
0.533333 0.566667 0.600000 0.633333 0.666667 0.700000 0.733333 0.766667 0.800000 0.833333 0.866667 0.900000 0.933333 0.966667 1.000000 1.033333
1.066667 1.100000 1.133333 1.166667 1.200000 1.233333 1.266667 1.300000 1.333333 1.366667 1.400000 1.433333 1.466667 1.500000 1.533333 1.566667
1.600000 1.633333 1.666667 1.700000 1.733333 1.766667 1.800000 1.833333 1.866667 1.900000 1.933333 1.966667 2.000000 2.033333 2.066667 2.100000
2.133333 2.166667 2.200000 2.233333 2.266667 2.300000 2.333333 2.366667 2.400000 2.433333 2.466667 2.500000 2.533333 2.566667 2.600000 2.633333
2.666667 2.700000 2.733333 2.766667 2.800000 2.833333 2.866667 2.900000 2.933333 2.966667 3.000000 3.033333 3.066667 3.100000 3.133333 3.166667
3.200000 3.233333 3.266667 3.300000</float_array><technique_common><accessor source="#mixamorig_Spine1-Matrix-animation-input-array" count="100"><param name="TIME" type="float"/></accessor></technique_common></source><source id="mixamorig_Spine1-Matrix-animation-output-transform"><float_array id="mixamorig_Spine1-Matrix-animation-output-transform-array" count="1600">

0.999991 -0.003391 0.002587 -0.009200 0.003580 0.997025 -0.076999 8.660300 -0.002318 0.077007 0.997028 -1.275000 0.000000 0.000000 0.000000 1.000000
0.999850 0.004683 0.016697 -0.009200 -0.003364 0.996936 -0.078154 8.660300 -0.017012 0.078086 0.996802 -1.275000 0.000000 0.000000 0.000000 1.000000
0.999501 0.012261 0.029096 -0.009200 -0.009978 0.996954 -0.077345 8.660300 -0.029956 0.077017 0.996580 -1.275000 0.000000 0.000000 0.000000 1.000000
0.999049 0.017721 0.039839 -0.009200 -0.014700 0.997084 -0.074877 8.660300 -0.041049 0.074220 0.996397 -1.275000 0.000000 0.000000 0.000000 1.000000
0.998607 0.019770 0.048923 -0.009200 -0.016240 0.997306 -0.071527 8.660300 -0.050205 0.070633 0.996238 -1.275000 0.000000 0.000000 0.000000 1.000000
0.998288 0.018527 0.055477 -0.009200 -0.014745 0.997588 -0.067833 8.660300 -0.056600 0.066899 0.996153 -1.275000 0.000000 0.000000 0.000000 1.000000
0.998184 0.015333 0.058248 -0.009200 -0.011602 0.997892 -0.063852 8.660300 -0.059104 0.063060 0.996258 -1.275000 0.000000 0.000000 0.000000 1.000000
0.998251 0.011921 0.057903 -0.009200 -0.008453 0.998176 -0.059780 8.660300 -0.058510 0.059186 0.996531 -1.275000 0.000000 0.000000 0.000000 1.000000
0.998277 0.009454 0.057907 -0.009200 -0.006225 0.998428 -0.055701 8.660300 -0.058343 0.055245 0.996767 -1.275000 0.000000 0.000000 0.000000 1.000000
0.998100 0.008012 0.061090 -0.009200 -0.004865 0.998662 -0.051487 8.660300 -0.061421 0.051092 0.996803 -1.275000 0.000000 0.000000 0.000000 1.000000
0.997811 0.008239 0.065612 -0.009200 -0.005073 0.998821 -0.048272 8.660300 -0.065932 0.047833 0.996677 -1.275000 0.000000 0.000000 0.000000 1.000000
0.997713 0.013155 0.066305 -0.009200 -0.009945 0.998773 -0.048517 8.660300 -0.066862 0.047747 0.996619 -1.275000 0.000000 0.000000 0.000000 1.000000
0.997886 0.024718 0.060107 -0.009200 -0.021472 0.998307 -0.054065 8.660300 -0.061342 0.052660 0.996727 -1.275000 0.000000 0.000000 0.000000 1.000000
0.998088 0.038056 0.048700 -0.009200 -0.034902 0.997336 -0.064051 8.660300 -0.051007 0.062228 0.996758 -1.275000 0.000000 0.000000 0.000000 1.000000
0.998386 0.044108 0.035765 -0.009200 -0.041345 0.996355 -0.074615 8.660300 -0.038926 0.073016 0.996571 -1.275000 0.000000 0.000000 0.000000 1.000000
